136 11 1740842249 7 0 66 14505 13636 1609 1548 1836 2124 2436 2608 3028 3068 3229 3422 3497 3470 3474 3342 3144 3136 2937 2960 2634 2626 2540 2421 2353 2221 2082 2147 2019 1961 1935 1858 1810 1793 1692 1779 1730 1783 1619 1683 1764 1565 1585 1685 1681 1539 1501 1168 651 215 48 2 0 0 0 0 0 15274 1530 1535 1513 1425 1472 1486 1457 1352 1343 1483 1364 1373 1295 1405 1257 1281 1209 1296 1141 1210 1132 1127 1056 1068 1077 1040 987 967 972 935 909 859 884 868 823 778 809 794 752 718 729 2774 2445 2201 2000 1835 1718 1531 1386 1251 1185 1076 1028 932 870 834 792 668 608 570 566 518 460 430 410 389 344 299 294 301 266 273 239 215 194 182 166 204 143 168 124 123 125 122 112 111 94 105 89 87 81 
136 11 1740842249 7 1 177 11057 6181 416 352 344 343 391 441 521 633 753 863 1016 1212 1356 1427 1559 1741 1847 1916 2065 2141 2103 2246 2259 2348 2243 2275 2295 2272 2219 2204 2118 2131 2020 2027 1899 1899 1819 1844 1778 1699 1735 1571 1529 1480 1453 1441 1374 1376 1309 1362 1244 1273 1200 1254 1216 1197 1249 1136 1151 1012 1058 1144 1036 1097 1019 995 1006 1009 1076 1017 1003 932 980 1038 947 941 858 902 909 912 926 866 928 921 874 913 897 873 911 894 866 803 915 850 782 849 864 3435 3410 3177 3108 2958 2987 2912 2721 2746 2590 2443 2431 2242 2146 2073 1957 1920 1887 1753 1685 1514 1566 1445 1366 1350 1202 1197 1127 1063 974 1029 983 886 857 768 726 742 769 669 655 598 618 586 515 513 474 460 440 421 436 
136 11 1740842249 7 2 0 0 0 0 0 0 0 0 0 0 0 0 0 0 0 0 0 0 0 0 0 0 0 0 0 0 0 0 0 0 0 0 0 0 0 0 0 1 6 7 12 34 27 32 36 56 49 65 55 69 57 68 63 66 73 67 80 73 79 68 72 78 65 58 59 87 59 68 67 68 73 60 60 45 59 36 52 55 52 48 58 47 43 37 42 43 41 33 29 30 32 29 19 19 22 26 20 22 38 20 99 68 60 57 59 33 52 35 24 25 28 21 18 23 21 13 20 10 11 11 6 11 6 12 8 10 8 13 8 4 7 4 3 4 4 7 6 1 8 7 2 2 4 4 4 5 1 3 5 0 
136 11 1740842249 7 3 0 264 7158 10022 2497 389 200 155 194 214 253 317 406 517 627 722 852 938 978 1068 1073 1167 1126 1140 1126 1250 1089 1051 1005 951 885 830 750 687 634 600 575 472 451 403 391 327 311 266 247 250 207 165 181 143 137 143 118 98 82 77 72 81 70 65 38 46 41 44 24 27 37 21 26 21 13 10 9 15 9 11 10 5 6 9 6 4 3 2 5 3 2 2 2 6 2 1 3 2 1 2 1 1 0 1 0 2 0 2 0 0 0 0 0 0 0 0 0 0 0 0 0 0 0 0 0 0 0 0 0 0 0 0 0 0 0 0 0 0 0 0 0 0 0 0 0 0 0 0 0 0 0 0 0 0 
136 11 1740842639 7 0 44 23422 34772 2608 1416 1617 1802 2143 2291 2509 2426 2566 2744 2565 2535 2687 2478 2483 2281 2085 2192 1969 1930 1879 1708 1687 1538 1517 1502 1429 1476 1378 1369 1341 1306 1193 1236 1174 1272 1115 1187 1239 1148 1109 1136 1236 1053 995 740 418 131 24 3 0 0 0 0 0 10689 939 968 971 1066 1017 980 956 906 938 947 867 924 834 902 811 825 806 827 808 824 813 771 746 726 728 669 691 708 619 618 626 613 611 570 595 539 557 504 507 516 487 1840 1658 1443 1363 1196 1141 1019 977 890 860 752 698 643 601 523 506 450 411 410 375 344 333 285 262 223 225 230 210 184 200 122 155 138 134 141 108 119 102 107 96 91 81 74 87 82 73 67 63 56 59 
136 11 1740842639 7 1 59 10955 37828 2483 336 315 346 331 391 467 583 647 726 861 955 1056 1256 1293 1447 1428 1547 1625 1650 1737 1770 1760 1743 1779 1766 1732 1712 1636 1678 1589 1572 1398 1488 1469 1391 1350 1292 1261 1246 1219 1215 1147 1164 1078 1108 1026 997 983 909 961 950 886 863 864 895 794 820 818 785 769 836 799 718 735 717 706 719 717 744 696 681 666 687 699 639 673 677 662 660 643 652 651 680 670 608 660 597 574 635 589 590 624 617 634 596 591 2283 2306 2224 2154 2013 2049 2013 1903 1869 1707 1731 1586 1620 1494 1371 1372 1234 1206 1141 1120 1104 972 969 898 828 853 798 784 702 681 693 590 562 540 546 517 475 450 412 423 408 372 352 318 295 335 358 275 290 290 
136 11 1740842639 7 2 0 0 0 0 0 0 0 0 0 0 0 0 0 0 0 2 12 62 120 182 257 345 366 457 497 587 553 637 606 586 623 620 676 622 554 537 514 510 468 471 442 423 430 352 348 313 309 290 304 275 252 245 209 242 193 175 180 192 142 143 147 115 127 108 109 101 100 95 78 81 73 89 65 65 54 63 54 58 53 40 42 47 35 41 44 26 40 31 21 29 34 18 24 22 27 26 27 22 24 19 71 52 58 54 44 47 33 27 34 21 13 18 12 13 14 9 13 16 9 6 15 5 4 10 4 4 5 5 3 3 5 3 2 3 3 5 3 2 2 3 2 2 0 2 2 6 1 3 5 2 
136 11 1740842639 7 3 0 283 7089 10399 2472 425 151 135 147 172 178 252 310 364 449 532 636 723 707 683 681 649 650 656 586 588 463 423 412 345 322 296 282 217 193 161 127 113 108 86 81 69 55 45 42 35 38 26 25 19 13 13 10 11 8 4 5 6 2 0 3 5 0 2 1 2 0 0 0 1 1 0 0 0 0 0 0 0 0 0 0 0 1 0 0 0 0 0 0 0 0 0 0 0 0 0 0 0 0 0 0 0 0 0 0 0 0 0 0 0 0 0 0 0 0 0 0 0 0 0 0 0 0 0 0 0 0 0 0 0 0 0 0 0 0 0 0 0 0 0 0 0 0 0 0 0 0 0 0 0 
136 11 1740852004 7 0 18 20615 46193 10680 1288 1311 1422 1612 1771 1897 1941 1968 2081 2064 1996 1963 1863 1879 1632 1591 1563 1436 1386 1393 1229 1222 1118 1098 973 1013 946 881 883 915 839 796 808 801 880 776 754 704 685 695 801 746 731 663 486 308 88 15 2 0 0 0 0 0 6632 666 669 633 658 639 621 688 709 677 697 627 622 650 624 613 623 577 610 588 584 619 588 550 520 551 541 548 513 476 540 481 483 475 465 436 432 440 406 414 378 371 1496 1356 1200 1113 1001 913 900 798 660 665 651 572 533 447 459 383 388 360 335 314 291 255 261 254 251 226 185 197 161 125 141 141 108 128 116 98 16 155 83 82 76 72 56 71 64 68 56 53 54 41 
136 11 1740852004 7 1 146 50797 16561 2604 247 218 246 239 296 344 423 494 572 648 756 840 860 918 1127 1115 1186 1271 1260 1251 1308 1250 1402 1231 1301 1235 1278 1231 1228 1225 1194 1069 1029 989 1013 936 972 879 874 814 839 806 750 760 748 697 709 663 641 621 569 639 575 533 576 548 548 517 525 495 480 488 525 523 452 450 448 432 436 409 409 430 431 411 415 421 444 381 381 419 405 414 400 361 368 423 361 377 372 400 375 385 376 372 370 362 1421 1453 1482 1417 1401 1371 1315 1315 1328 1282 1236 1231 1199 1114 1146 1129 1037 1029 897 960 908 877 850 783 786 735 681 610 651 572 594 556 529 521 475 435 455 444 413 379 406 367 373 343 312 299 321 288 275 252 
136 11 1740852004 7 2 0 0 0 0 0 0 0 0 0 0 51512 0 0 0 0 0 0 0 0 0 0 0 0 0 0 0 0 0 0 0 0 0 0 0 0 0 0 0 0 0 0 0 0 0 0 0 0 0 0 0 0 0 0 0 0 0 0 0 0 0 0 0 0 0 0 0 0 0 0 0 0 0 0 0 0 0 0 0 0 0 0 0 0 0 0 0 0 0 0 0 0 0 0 0 0 0 0 0 0 0 0 0 0 0 0 0 0 0 0 0 0 0 0 0 0 0 0 0 0 0 0 0 0 0 0 0 0 0 0 0 0 0 0 0 0 0 0 0 0 0 0 0 0 0 0 0 0 0 0 0 
136 11 1740852004 7 3 1854 25381 2043 199 315 459 661 850 1159 1227 1150 1015 939 723 625 462 372 274 215 175 135 80 65 53 33 44 20 20 21 9 11 14 9 7 7 4 10 4 0 2 3 2 5 3 0 1 2 3 0 0 0 2 1 0 0 1 1 2 1 0 0 1 0 0 0 1 0 1 0 0 0 0 0 0 1 0 0 0 0 0 1 0 0 0 0 0 0 0 0 0 0 0 0 0 0 0 1 0 1 0 0 0 0 0 0 1 0 0 0 0 0 0 0 0 0 0 0 0 0 0 0 0 0 0 0 0 0 0 0 0 0 0 0 0 0 0 0 0 0 0 0 0 0 0 0 0 0 0 0 0 
136 11 1740852048 7 0 19 6545 24159 2940 1490 1607 2012 2395 2768 2975 3296 3338 3562 3697 3473 3581 3596 3451 3307 3053 2976 2925 2762 2723 2420 2472 2218 2073 2117 2073 1989 1790 1747 1843 1752 1698 1578 1491 1698 1550 1549 1425 1400 1472 1475 1498 1382 1264 1104 630 201 35 0 0 0 0 0 0 14029 1392 1452 1412 1382 1378 1388 1433 1356 1437 1363 1453 1481 1378 1420 1326 1328 1319 1392 1325 1298 1321 1241 1290 1175 1136 1233 1104 1129 1166 1170 1053 1007 1023 1001 1037 930 952 944 888 857 870 3255 2941 2754 2432 2165 2069 1865 1828 1605 1466 1363 1244 1204 1034 1007 948 868 796 792 731 643 613 565 551 472 452 427 464 369 332 315 319 309 279 262 225 37 432 205 182 196 133 146 170 148 136 124 109 109 95 
136 11 1740852048 7 1 146 8975 9432 482 217 249 253 268 357 410 530 688 788 1015 1179 1316 1481 1600 1718 1889 1955 2055 2209 2264 2389 2377 2440 2326 2411 2454 2441 2248 2402 2213 2153 2084 2070 1952 1967 1921 1855 1809 1728 1736 1693 1645 1537 1560 1527 1427 1442 1348 1330 1268 1227 1227 1195 1101 1116 1104 1141 1024 1112 1016 995 957 1059 975 959 1002 940 916 937 874 876 831 888 878 874 797 793 826 799 783 786 810 785 765 749 825 795 752 790 793 783 749 743 763 779 785 2983 2928 2963 2844 3016 2925 2933 2944 2780 2777 2678 2676 2633 2511 2540 2323 2196 2190 2097 2060 1884 1994 1857 1684 1676 1618 1461 1380 1357 1305 1301 1224 1153 1106 1073 978 925 953 873 824 825 789 803 720 705 707 642 588 629 532 
136 11 1740852048 7 2 0 0 0 0 0 0 0 0 0 0 56550 0 0 0 0 0 0 0 0 0 0 0 0 0 0 0 0 0 0 0 0 0 0 0 0 0 0 0 0 0 0 0 0 0 0 0 0 0 0 0 0 0 0 0 0 0 0 0 0 0 0 0 0 0 0 0 0 0 0 0 0 0 0 0 0 0 0 0 0 0 0 0 0 0 0 0 0 0 0 0 0 0 0 0 0 0 0 0 0 0 0 0 0 0 0 0 0 0 0 0 0 0 0 0 0 0 0 0 0 0 0 0 0 0 0 0 0 0 0 0 0 0 0 0 0 0 0 0 0 0 0 0 0 0 0 0 0 0 0 0 
136 11 1740852048 7 3 1418 19170 1819 412 550 859 1348 1880 2435 2602 2623 2530 2519 2090 1860 1643 1403 1116 953 706 643 545 446 387 302 222 195 144 137 99 84 76 71 45 40 27 29 22 19 10 14 12 10 6 6 6 4 5 7 7 3 7 3 5 4 3 2 1 2 3 0 0 1 3 2 0 2 2 3 0 1 1 0 1 0 1 2 3 1 1 2 0 0 2 2 2 0 1 1 0 1 0 0 0 0 0 0 0 0 0 1 2 0 0 0 1 0 1 0 0 1 0 0 1 0 1 0 0 0 0 0 0 1 0 0 0 0 0 0 1 0 0 0 0 0 0 0 0 0 0 0 0 0 1 0 0 0 0 0 0 
