# /storage/gpfs_data/auger/fabiocon/2022oct/cal_m21_015487_2022-10-23.01-53.root
# analyzed at 2024-11-20 21:35 on ui7-auger.cr.cnaf.infn.it
# spherCalib: 2.34323e+09
# pixel calibConst adcSum stdCalib calibConstCorr
# nEvents 1686
# ApertureArea 3.80133
# Coverage 0.650106
1 4.84825 1.08445e+08 1000 0.000578133 4.943047670963707
2 5.27074 9.92355e+07 1000 0.000575137 5.411106696422932
3 5.06144 1.03494e+08 1000 0.000576 5.206828686121663
4 5.14311 1.01802e+08 1000 0.000575724 5.2864256822377005
5 4.79186 1.09428e+08 1000 0.00057659 4.924691153889702
6 4.64304 1.12761e+08 1000 0.000575698 4.778715498952323
7 4.98566 1.05199e+08 1000 0.000576722 5.160082044207373
8 4.68021 1.11776e+08 1000 0.000575238 4.833706988735894
9 5.0005 1.05062e+08 1000 0.000577687 5.192170310036365
10 4.22102 1.23953e+08 1000 0.000575316 4.360874789589405
11 4.93294 1.0645e+08 1000 0.000577413 5.093024502059307
12 4.52102 1.15819e+08 4.31518 0.00057577 4.676883170500144
13 5.49294 9.5315e+07 5.28373 0.000575703 5.6745991471318975
14 5.38064 9.70748e+07 5.14535 0.000574346 5.573816180186067
15 4.60425 1.14039e+08 4.32527 0.00057736 4.7757689730895345
16 4.82171 1.08468e+08 4.56843 0.000575091 4.981432767388632
17 4.78005 1.09861e+08 4.57557 0.000577441 4.953130261423413
18 4.45045 1.17434e+08 4.20359 0.000574688 4.598712144210066
19 5.9208 8.85321e+07 5.49006 0.000576387 6.133698026509299
20 4.96811 1.05374e+08 4.6754 0.000575649 5.155255783456023
21 5.15179 1.01934e+08 4.69772 0.000577442 5.351091240750795
22 4.64212 1.12762e+08 4.28624 0.00057559 4.81524903545931
23 5.02709 1.04957e+08 1000 0.000580175 5.1041303502239295
24 5.04607 1.04527e+08 1000 0.000579984 5.1371441075044215
25 5.23904 1.00657e+08 1000 0.000579865 5.3644754038641285
26 4.98729 1.05628e+08 1000 0.000579264 5.107824986733097
27 5.32393 9.92021e+07 1000 0.000580745 5.472829779927315
28 5.30358 9.92126e+07 1000 0.000578587 5.482875133293999
29 5.46575 9.66633e+07 1000 0.000580957 5.633070936486526
30 5.30617 9.91769e+07 1000 0.000578661 5.4681561842741635
31 4.70361 1.12171e+08 1000 0.000580158 4.868517719521988
32 4.16958 1.26071e+08 1000 0.000578015 4.300127660286374
33 4.68374 1.12797e+08 1000 0.000580927 4.84016805289605
34 4.71977 1.11526e+08 4.34105 0.0005788 4.900902113031461
35 4.91102 1.07504e+08 4.69279 0.000580538 5.062926676528594
36 4.34451 1.21333e+08 4.09726 0.000579633 4.504976790843901
37 4.93224 1.07076e+08 4.67072 0.000580724 5.114029061852359
38 5.00594 1.05186e+08 4.67952 0.000578995 5.205894997101558
39 5.87189 8.98132e+07 5.28542 0.000579897 6.0988512273162
40 4.87412 1.07971e+08 4.49245 0.000578679 5.061007325123353
41 5.13317 1.0284e+08 4.56724 0.00058047 5.325980584820629
42 4.99797 1.05513e+08 4.44765 0.000579872 5.196355860404303
43 4.98493 1.05822e+08 4.64067 0.000580054 5.18806595350345
44 5.62102 9.37217e+07 5.07683 0.000579279 5.848297141757972
45 5.0665 1.0473e+08 1000 0.000583464 5.1603510562141635
46 4.69093 1.13068e+08 1000 0.000583218 4.815990026769149
47 5.47201 9.70849e+07 1000 0.000584159 5.604413861539469
48 5.09414 1.03907e+08 1000 0.000582032 5.234330778192134
49 5.02501 1.05692e+08 1000 0.000583997 5.212336844032474
50 5.0097 1.05634e+08 1000 0.000581901 5.162477443646917
51 5.34432 9.9326e+07 1000 0.000583698 5.536707402555855
52 5.19312 1.01861e+08 1000 0.00058166 5.400689506382242
53 4.33615 1.22392e+08 1000 0.000583566 4.485241371600935
54 5.17912 1.0232e+08 1000 0.000582707 5.3644485053901665
55 5.21345 1.01842e+08 1000 0.00058383 5.415250641168304
56 5.22125 1.01435e+08 4.79164 0.000582362 5.446604410926683
57 4.28302 1.23863e+08 4.03779 0.000583344 4.4374278592441145
58 4.85655 1.09054e+08 4.48689 0.000582373 5.048216132227369
59 5.07089 1.04601e+08 4.62307 0.000583245 5.280452583123501
60 5.12594 1.03463e+08 4.84235 0.000583165 5.33648488118993
61 5.54862 9.57823e+07 5.135 0.00058439 5.775172214427639
62 5.00683 1.05843e+08 4.72283 0.000582719 5.207483163185066
63 5.23807 1.01454e+08 4.96724 0.000584349 5.440046325116165
64 5.00386 1.05818e+08 4.65498 0.000582234 5.1896790156858765
65 5.37681 9.87966e+07 4.98907 0.000584117 5.567160641306768
66 5.31559 9.96951e+07 4.90606 0.000582718 5.541311992288649
67 5.10671 1.04435e+08 1000 0.000586434 5.226895319141946
68 4.85779 1.0948e+08 1000 0.000584797 4.9728580554833055
69 4.73541 1.12554e+08 1000 0.000586071 4.869269256620844
70 5.32238 9.99241e+07 1000 0.000584802 5.480213493124869
71 5.6356 9.44607e+07 1000 0.000585362 5.799529076505488
72 4.725 1.12495e+08 1000 0.000584479 4.899016251705446
73 4.76369 1.11746e+08 1000 0.000585341 4.936045057104509
74 5.49281 9.68921e+07 1000 0.000585215 5.668760411880987
75 5.14484 1.03708e+08 1000 0.000586704 5.366216793824163
76 4.74699 1.12145e+08 1000 0.000585373 4.918525512006506
77 4.4553 1.19637e+08 1000 0.000586104 4.641160289957887
78 4.90543 1.0866e+08 4.62809 0.000586112 5.079570084060211
79 5.21134 1.023e+08 4.87845 0.000586219 5.412694680627309
80 5.09594 1.04446e+08 4.70788 0.000585261 5.301046925968443
81 5.09375 1.04602e+08 4.70088 0.000585885 5.309405346167288
82 5.31053 1.00191e+08 5.00379 0.000585059 5.530276549132521
83 5.1371 1.0363e+08 4.66268 0.000585381 5.346253420690992
84 5.42167 9.80774e+07 4.92473 0.000584702 5.61638086207798
85 4.68684 1.13767e+08 4.12469 0.000586313 4.886216594026782
86 4.50547 1.18263e+08 4.12599 0.000585896 4.692612649522921
87 5.55576 9.59537e+07 5.02794 0.000586189 5.795376606809973
88 5.21031 1.02049e+08 4.73209 0.000584661 5.43221869494371
89 5.28441 1.01198e+08 4.62942 0.000588032 5.420005576642743
90 4.66566 1.1448e+08 4.30596 0.000587322 4.805860237685262
91 5.62724 9.50983e+07 5.00423 0.000588438 5.780892983417962
92 5.05929 1.05687e+08 4.50167 0.000587956 5.200664245354713
93 5.036 1.06418e+08 4.53521 0.000589293 5.204568727174343
94 4.91498 1.08709e+08 4.40553 0.000587519 5.070682113838995
95 5.24419 1.02096e+08 4.77375 0.000588734 5.420705227214378
96 5.14862 1.03795e+08 4.74125 0.000587627 5.340156883185649
97 5.37326 9.96155e+07 4.85944 0.000588569 5.593928039280753
98 4.98851 1.06944e+08 4.5923 0.000586624 5.19362230635731
99 4.96843 1.07544e+08 4.55723 0.00058754 5.186275228936321
100 5.34171 9.99663e+07 4.54361 0.000587173 5.564706733023547
101 6.26813 8.52848e+07 5.52112 0.000587817 6.535963078242136
102 4.61312 1.15664e+08 4.46211 0.000586715 4.820327864182647
103 5.60617 9.53518e+07 4.89899 0.000587798 5.849283117617804
104 5.48718 9.73469e+07 4.92296 0.000587359 5.714904689738126
105 5.68331 9.40724e+07 5.0763 0.000587891 5.933432877859053
106 4.68635 1.14008e+08 4.06375 0.000587492 4.880961397287999
107 5.35359 1.00082e+08 4.63028 0.000589159 5.577501097858592
108 5.19681 1.0288e+08 4.70387 0.000587893 5.430566549783511
109 4.87095 1.10056e+08 4.17641 0.000589468 5.081058285444216
110 5.09786 1.04702e+08 4.40785 0.000586917 5.317614500740488
111 5.11867 1.0488e+08 4.63084 0.000590315 5.241184948524065
112 4.84253 1.10544e+08 4.36323 0.000588627 4.957813924428649
113 4.99005 1.07639e+08 4.55749 0.000590617 5.14509211518355
114 5.3242 1.00586e+08 4.81927 0.000588875 5.50275818839516
115 5.21687 1.02962e+08 4.73586 0.000590635 5.394106668953994
116 4.95219 1.08367e+08 4.55041 0.0005901 5.122248854695219
117 5.37339 9.9841e+07 5.12357 0.000589916 5.56069803387438
118 5.04957 1.06026e+08 4.664 0.000588708 5.225632000870326
119 4.76804 1.12765e+08 4.44006 0.00059122 4.953946584183792
120 4.84127 1.10783e+08 4.56091 0.000589745 5.028392252837456
121 5.07811 1.0598e+08 4.72191 0.000591777 5.294545513309372
122 4.94066 1.08338e+08 4.6007 0.000588568 5.136951034068062
123 5.62217 9.55186e+07 5.35539 0.000590506 5.865869700299505
124 4.563 1.17278e+08 4.12327 0.000588435 4.747346845894001
125 4.88125 1.09921e+08 4.68903 0.000589991 5.095671395929307
126 5.21435 1.0311e+08 4.91454 0.000591197 5.441038622764504
127 4.85654 1.1054e+08 4.54351 0.000590309 5.096001448593193
128 4.77851 1.11965e+08 4.6626 0.000588313 5.005288137397398
129 4.77707 1.12363e+08 4.33886 0.000590223 4.987820294001431
130 4.76686 1.12454e+08 4.33952 0.000589443 4.975253425778805
131 4.85623 1.1049e+08 4.5025 0.000590004 5.080121516164679
132 5.28707 1.01484e+08 4.85293 0.00058999 5.532281071345704
133 5.05163 1.06468e+08 4.43518 0.000591402 5.15671644977002
134 5.18238 1.03819e+08 4.43435 0.000591615 5.325439897802647
135 5.54326 9.72072e+07 4.91746 0.000592511 5.726737456027497
136 5.66719 9.46872e+07 4.96868 0.000590054 5.855791881714683
137 5.50592 9.78418e+07 4.73163 0.000592362 5.690000013738063
138 5.20955 1.03014e+08 4.64622 0.000590107 5.385237110280227
139 5.02023 1.0744e+08 4.3893 0.000593094 5.194200802256477
140 5.40016 9.94808e+07 4.79055 0.000590716 5.593231462581421
141 4.73929 1.13222e+08 4.44973 0.000590032 4.930414241896109
142 5.41474 9.91711e+07 5.01726 0.000590467 5.6542470956192
143 5.13028 1.04994e+08 4.61203 0.000592293 5.3518909280821925
144 5.14826 1.044e+08 4.58803 0.000591009 5.375165224099662
145 4.96009 1.08373e+08 4.41209 0.000591074 5.174174698521298
146 5.81741 9.23059e+07 5.20918 0.000590462 6.066230402790402
147 4.37747 1.22997e+08 4.07214 0.000592039 4.576690616941411
148 4.63365 1.1596e+08 4.29659 0.000590832 4.852856637096583
149 5.02615 1.07135e+08 4.58628 0.000592106 5.2515780846700935
150 5.16711 1.03906e+08 4.63869 0.000590365 5.404383513269484
151 5.56105 9.68672e+07 5.18553 0.000592334 5.823115946145584
152 5.29094 1.01542e+08 4.96275 0.000590759 5.542972646515318
153 5.61654 9.57737e+07 5.19256 0.000591491 5.885792803034006
154 5.47642 9.82951e+07 4.70608 0.000591918 5.707728397931204
155 5.69588 9.4797e+07 4.72539 0.000593729 5.830897185034934
156 5.23951 1.02741e+08 4.42171 0.000591926 5.374427261998571
157 5.41305 9.94688e+07 4.60982 0.000592055 5.577369790564127
158 5.45924 9.86396e+07 4.70896 0.000592129 5.644261032658777
159 5.18236 1.04007e+08 4.64041 0.000592682 5.3660912930978775
160 5.44136 9.89518e+07 4.66782 0.000592057 5.622069016866177
161 5.25354 1.02711e+08 4.64587 0.000593336 5.458305097936359
162 5.26185 1.02405e+08 4.85606 0.000592508 5.463742832637605
163 4.43149 1.21545e+08 3.91853 0.000592268 4.605406389140515
164 5.14222 1.04546e+08 4.67936 0.00059114 5.35645624803776
165 5.31857 1.01402e+08 4.8321 0.000593025 5.536807057721611
166 4.95183 1.08676e+08 4.33416 0.000591741 5.152429745009222
167 4.67344 1.15349e+08 4.22898 0.000592764 4.891609748200848
168 5.06401 1.06483e+08 4.46395 0.000592936 5.287536076747162
169 5.03256 1.07142e+08 4.57638 0.000592898 5.279641403698627
170 6.00232 8.97513e+07 5.39502 0.00059237 6.283118220073138
171 5.80683 9.27996e+07 5.11544 0.00059254 6.0803311583583035
172 5.20857 1.03515e+08 4.62155 0.000592862 5.465035919859819
173 5.14421 1.04836e+08 4.52547 0.000593009 5.393176730234259
174 4.93624 1.09034e+08 4.3197 0.000591824 5.164243582707809
175 5.02023 1.07307e+08 4.60444 0.000592355 5.266717161327812
176 5.09362 1.05676e+08 4.69742 0.000591884 5.3473900400984675
177 5.19853 1.0385e+08 4.73184 0.000593638 5.352326395171639
178 4.90975 1.0979e+08 4.1059 0.000592725 5.050327839545919
179 4.65162 1.16219e+08 4.10766 0.000594449 4.80196901798511
180 5.04197 1.0704e+08 4.53854 0.000593443 5.182881873919761
181 4.78347 1.12736e+08 4.19376 0.000592976 4.95613671713869
182 5.16785 1.04453e+08 4.71944 0.00059356 5.350590516790246
183 5.16521 1.04524e+08 4.62615 0.000593656 5.357303393551126
184 4.89587 1.10144e+08 4.32437 0.000592957 5.10358193866977
185 4.82318 1.1196e+08 4.26134 0.000593784 5.020905293060491
186 5.57336 9.68251e+07 5.1549 0.000593387 5.799920469698443
187 5.97706 9.02819e+07 5.38204 0.000593364 6.242559286487174
188 4.7365 1.1393e+08 4.09964 0.000593374 4.942216420075815
189 5.26726 1.02522e+08 4.6134 0.000593794 5.485209882071928
190 5.28186 1.02207e+08 4.85028 0.000593606 5.524830126012057
191 5.51731 9.78102e+07 4.88991 0.000593396 5.778992823457867
192 5.40301 9.98617e+07 4.83168 0.00059329 5.648639638539768
193 5.24667 1.029e+08 4.66637 0.000593654 5.486526191733349
194 5.05504 1.06842e+08 4.41532 0.000593878 5.289439456742212
195 4.90212 1.10045e+08 4.36969 0.00059318 5.128622791785382
196 4.94111 1.09327e+08 4.61554 0.000593996 5.191632938244296
197 4.96793 1.08749e+08 4.54141 0.000594064 5.214797042347124
198 5.52056 9.76618e+07 5.23399 0.000592845 5.790048218666335
199 5.5204 9.78041e+07 5.18564 0.000593691 5.6068399343925925
200 5.11731 1.05436e+08 4.67293 0.000593283 5.262788180956329
201 5.13074 1.05192e+08 4.86237 0.000593467 5.277774813336866
202 4.93867 1.09516e+08 4.55238 0.000594731 5.119195355396419
203 5.22442 1.03598e+08 4.87938 0.000595145 5.381403298967768
204 4.83013 1.1182e+08 4.51966 0.000593896 5.0007096346751725
205 5.02274 1.07219e+08 4.72644 0.000592166 5.202601728202237
206 4.9589 1.08794e+08 4.74749 0.000593228 5.152437099996091
207 5.27345 1.02321e+08 4.94131 0.000593323 5.466802082413974
208 4.36216 1.2349e+08 4.06505 0.000592331 4.545699260674285
209 4.91554 1.0991e+08 4.45857 0.000594073 5.112283035886793
210 5.38 1.00135e+08 5.18175 0.00059238 5.626050328964806
211 4.58747 1.17649e+08 4.41617 0.000593464 4.80106388456426
212 4.70594 1.1491e+08 4.58567 0.000594615 4.931574388216881
213 5.14376 1.04861e+08 5.00124 0.000593101 5.3787311755639635
214 4.83569 1.11497e+08 4.55764 0.000592865 5.039887608344601
215 4.96205 1.08898e+08 4.64442 0.000594175 5.179993904101109
216 5.16264 1.04546e+08 4.84942 0.00059349 5.390901992126553
217 4.85336 1.11209e+08 4.45299 0.000593492 5.064381716754106
218 4.79876 1.12404e+08 4.5659 0.00059312 5.005984100659486
219 4.82241 1.11854e+08 4.47202 0.000593131 5.0368997849709265
220 5.60118 9.64221e+07 5.36348 0.000593867 5.828349977471615
221 5.34933 1.00946e+08 4.63706 0.000593774 5.444176277480478
222 5.52785 9.76176e+07 4.86773 0.000593359 5.67553379407432
223 6.01648 8.96795e+07 5.11448 0.000593292 6.17311952414532
224 5.50003 9.82714e+07 4.96867 0.000594327 5.6536475195072775
225 5.24029 1.02965e+08 4.69923 0.000593307 5.418538094043161
226 4.93053 1.0951e+08 4.41269 0.000593717 5.09471565296694
227 5.00354 1.08043e+08 4.50023 0.000594437 5.18453495589941
228 4.97404 1.08465e+08 4.64924 0.000593243 5.172210395759698
229 5.02527 1.07309e+08 4.69048 0.000592966 5.213157182633419
230 4.77973 1.13011e+08 4.49168 0.00059396 4.970034485049242
231 4.7748 1.12925e+08 4.51143 0.000592898 4.98674010018583
232 5.56466 9.70933e+07 5.07928 0.000594102 5.794879323899075
233 5.19389 1.03791e+08 4.77493 0.000592766 5.437252617397913
234 5.04345 1.07191e+08 4.62751 0.000594453 5.26483548288215
235 5.26333 1.0238e+08 4.97597 0.000592527 5.4954753591298555
236 4.55236 1.18496e+08 4.34077 0.00059316 4.748834883065901
237 5.31292 1.01475e+08 4.9248 0.000592825 5.555504875112641
238 4.48212 1.20347e+08 4.06727 0.000593134 4.666655690314537
239 5.38321 1.00148e+08 4.96413 0.000592813 5.612981457015672
240 4.76859 1.13051e+08 4.30622 0.000592782 4.971119097373268
241 4.66748 1.15631e+08 4.35795 0.000593457 4.877324624822631
242 5.21192 1.03403e+08 4.746 0.0005926 5.401832392594312
243 5.34321 1.00803e+08 4.46296 0.000592255 5.438339971320712
244 5.37214 1.00427e+08 4.6123 0.000593237 5.50985132587816
245 5.06721 1.06382e+08 4.34205 0.000592746 5.19483055650586
246 5.42774 9.93773e+07 4.65369 0.000593115 5.594397301098028
247 5.02449 1.07465e+08 4.43467 0.000593736 5.192677344612548
248 5.51973 9.76596e+07 4.76604 0.000592742 5.696680226246727
249 5.25421 1.02483e+08 4.90019 0.000592095 5.44670827374971
250 5.09252 1.05911e+08 4.74396 0.000593071 5.294395318666457
251 4.84277 1.11113e+08 4.34734 0.000591688 5.0257290355965685
252 4.76745 1.13124e+08 4.50174 0.000593025 4.9533844731116226
253 4.5963 1.17426e+08 4.24347 0.000593481 4.7895697130808745
254 5.57086 9.67806e+07 5.32599 0.000592848 5.796361037087946
255 4.74385 1.13544e+08 4.43172 0.000592282 4.939636520224713
256 4.83533 1.11326e+08 4.46598 0.000591909 5.044830545875887
257 5.84255 9.21364e+07 5.2306 0.000591925 6.1049815502074685
258 5.86921 9.18996e+07 5.25343 0.000593098 6.128540634960189
259 5.18649 1.03991e+08 4.64941 0.000593065 5.417421237429811
260 4.78296 1.12563e+08 4.29393 0.000592007 5.0077841237270375
261 4.68904 1.15151e+08 4.11028 0.000593722 4.899812141255511
262 5.1284 1.05201e+08 4.53214 0.000593248 5.345728214426668
263 5.16133 1.04338e+08 4.5532 0.000592156 5.369163771293889
264 5.10059 1.05764e+08 4.40609 0.000593184 5.310748822025631
265 5.41498 9.95505e+07 4.50664 0.000592752 5.504840947821077
266 5.25534 1.02845e+08 4.44583 0.000594317 5.365768534842322
267 5.60379 9.61985e+07 4.73377 0.000592765 5.7479758011890025
268 5.3699 1.00282e+08 4.67969 0.000592136 5.540199892156651
269 5.56597 9.64658e+07 4.84155 0.000590401 5.710527502892482
270 5.48375 9.80966e+07 4.80443 0.000591513 5.664852413249035
271 4.61188 1.16787e+08 4.26956 0.000592249 4.749357605344363
272 5.70447 9.44357e+07 4.93699 0.000592358 5.913921447854454
273 5.02123 1.07181e+08 4.72997 0.000591779 5.204823123031203
274 5.25456 1.02461e+08 4.89256 0.000592009 5.467802061974834
275 5.31781 1.01142e+08 4.93241 0.000591419 5.553262082700509
276 5.40886 9.94769e+07 4.93153 0.000591645 5.644625393519862
277 5.12282 1.0503e+08 4.73936 0.000591634 5.337678538439032
278 4.8972 1.10059e+08 4.33016 0.000592663 5.13329483164894
279 4.87826 1.10373e+08 4.5578 0.000592052 5.087539395260384
280 5.46703 9.8406e+07 5.22437 0.000591569 5.711114100886323
281 5.17585 1.03935e+08 4.89998 0.000591531 5.417952588261844
282 4.93034 1.09168e+08 4.61822 0.00059184 5.149132931958603
283 4.63124 1.16107e+08 4.29759 0.000591275 4.835313610350572
284 4.86516 1.10991e+08 4.54992 0.000593768 5.0732056319794205
285 5.11579 1.05018e+08 4.70835 0.000590756 5.327032269289411
286 4.95976 1.08567e+08 4.68819 0.000592094 5.152714977985948
287 5.00248 1.07224e+08 4.43916 0.000589808 5.083165535970753
288 5.3621 1.00194e+08 4.54896 0.000590759 5.465265613480626
289 5.16455 1.03975e+08 4.84917 0.000590465 5.286294278121704
290 5.2924 1.01513e+08 4.60754 0.000590753 5.444504401788033
291 5.18778 1.03567e+08 4.53489 0.000590796 5.339592233959037
292 4.95171 1.08365e+08 4.30593 0.000590036 5.101906423735601
293 5.30621 1.01178e+08 4.72318 0.000590339 5.501251122168181
294 5.06251 1.05961e+08 4.57233 0.000589854 5.241895286873471
295 5.72334 9.38956e+07 5.16682 0.000590919 5.9175848058095175
296 5.804 9.2575e+07 5.19052 0.000590818 6.003746999411486
297 5.02335 1.06891e+08 4.53718 0.000590429 5.216627047111284
298 4.69937 1.14251e+08 4.28842 0.000590383 4.875176533703183
299 5.73925 9.37389e+07 5.10329 0.000591572 5.973447264638021
300 5.009 1.07574e+08 4.58423 0.000592506 5.24226957162664
301 5.53873 9.69437e+07 5.02646 0.000590422 5.783445400264352
302 5.57655 9.6525e+07 5.04024 0.000591886 5.809113842716844
303 5.00709 1.07107e+08 4.37994 0.000589709 5.203943597400238
304 5.15574 1.04311e+08 4.51501 0.000591361 5.38071855187601
305 5.34877 1.00459e+08 4.91908 0.000590847 5.5774854564086205
306 5.44811 9.86829e+07 5.11615 0.000591181 5.672577971400184
307 5.78452 9.28795e+07 5.5103 0.000590772 6.021171148625255
308 4.78228 1.12495e+08 4.43233 0.000591565 4.985534974223722
309 5.3818 9.94063e+07 4.83564 0.000588266 5.447694235928304
310 5.31805 1.01001e+08 4.87759 0.000590623 5.419425833753043
311 5.46612 9.77506e+07 4.97737 0.000587532 5.595402961595961
312 4.45194 1.20552e+08 4.06539 0.000590141 4.554205842244342
313 5.14839 1.03966e+08 4.61874 0.000588566 5.256638256131299
314 5.14661 1.04203e+08 4.65194 0.000589704 5.312472923896813
315 5.00434 1.06988e+08 4.50138 0.000588727 5.171742606348643
316 4.52045 1.18631e+08 4.31737 0.000589676 4.691306676256282
317 5.28722 1.01157e+08 4.76523 0.000588106 5.455268972749679
318 5.16765 1.03765e+08 4.72157 0.000589629 5.348392214197967
319 5.07132 1.05612e+08 4.7526 0.000588937 5.249217966068405
320 5.19272 1.0329e+08 4.70087 0.000589775 5.38584489195557
321 5.13419 1.04149e+08 4.86166 0.000587977 5.334944612410358
322 5.02408 1.06688e+08 4.65723 0.000589394 5.211982179121774
323 4.79779 1.11573e+08 4.39066 0.00058862 4.975418115590588
324 5.75803 9.30075e+07 5.34315 0.000588877 6.008615941202975
325 4.83906 1.10427e+08 4.49343 0.000587581 5.030551431462957
326 4.41435 1.21616e+08 4.13071 0.000590321 4.596214959041143
327 5.66799 9.44052e+07 4.95284 0.00058838 5.912954070286334
328 5.12732 1.04616e+08 4.55493 0.000589825 5.353467881859919
329 5.25754 1.01764e+08 4.74253 0.000588312 5.474411020875723
330 4.3908 1.22101e+08 3.99846 0.000589514 4.587243713806812
331 5.4241 9.8582e+07 4.81533 0.000587974 5.474947887551782
332 5.00522 1.06725e+08 4.5975 0.000587382 5.093796485964547
333 5.0867 1.04827e+08 4.67757 0.00058633 5.200947385406435
334 5.02599 1.06271e+08 4.65436 0.000587311 5.126340124074144
335 4.60571 1.15797e+08 4.23316 0.000586444 4.716038381947302
336 5.5212 9.67749e+07 5.19293 0.000587529 5.683618174023659
337 4.97844 1.06948e+08 4.65253 0.000585462 5.120339681556695
338 5.4398 9.79241e+07 4.8816 0.00058574 5.602335553098513
339 5.4281 9.81014e+07 5.27984 0.000585539 5.600030457531235
340 4.69507 1.1376e+08 4.47617 0.000587304 4.842180965785107
341 4.45526 1.19684e+08 4.2581 0.00058633 4.614892389518144
342 5.5306 9.64875e+07 5.1881 0.000586781 5.743397099666994
343 5.09691 1.04467e+08 4.96996 0.00058549 5.305780766442054
344 5.11396 1.04454e+08 4.77425 0.000587372 5.329524893140806
345 4.9675 1.07302e+08 4.76455 0.000586107 5.162671419696948
346 4.55005 1.17376e+08 4.36434 0.000587258 4.753811045942419
347 4.85806 1.09628e+08 4.50121 0.000585621 5.066077927168099
348 4.67634 1.14133e+08 4.32908 0.000586882 4.877595101720521
349 4.80147 1.11004e+08 4.45396 0.000586066 5.0263148867672305
350 4.78018 1.11848e+08 4.40164 0.000587904 4.984682239640736
351 5.29289 1.00538e+08 5.14209 0.000585132 5.525691671560227
352 4.724 1.12887e+08 4.33343 0.000586391 4.936525996419611
353 5.07994 1.04496e+08 4.47932 0.000583702 5.1493386789862985
354 5.37928 9.87938e+07 4.80519 0.000584368 5.465169022171851
355 5.18898 1.02235e+08 4.57749 0.000583331 5.273022221829806
356 5.48564 9.68391e+07 4.83148 0.000584132 5.607049843966791
357 5.15265 1.02835e+08 4.70594 0.000582644 5.265828426336976
358 4.99926 1.06414e+08 4.54698 0.000584977 5.128273435196044
359 4.98832 1.06464e+08 4.69703 0.000583967 5.109777153578801
360 4.74486 1.11915e+08 4.3623 0.000583906 4.849958742509632
361 5.05549 1.04991e+08 4.65973 0.000583645 5.206019220272582
362 5.56339 9.56164e+07 5.16395 0.000584931 5.769312300529305
363 5.35987 9.91355e+07 4.84879 0.000584273 5.557739776196943
364 5.51356 9.6493e+07 5.20878 0.000585006 5.724352585653861
365 5.59589 9.47843e+07 5.23689 0.000583228 5.820932464464629
366 5.37737 9.90135e+07 4.96095 0.00058546 5.603745621577023
367 5.3391 9.92209e+07 5.18598 0.000582511 5.550126406355566
368 5.50163 9.66269e+07 5.09524 0.000584551 5.70863657020294
369 5.62282 9.42283e+07 5.20364 0.000582597 5.8650355943334835
370 5.49042 9.70085e+07 5.26954 0.000585664 5.747947698308596
371 6.17482 8.60553e+07 5.65689 0.000584298 6.42662635141928
372 6.06792 8.76204e+07 5.57993 0.000584625 6.319967297325886
373 4.68453 1.13509e+08 4.24644 0.000584697 4.882636389653865
374 4.45506 1.19394e+08 4.20593 0.000584884 4.664816354533117
375 4.99959 1.05659e+08 4.52842 0.000580864 5.04236838164568
376 5.29426 1.00054e+08 4.80998 0.000582468 5.392171488593538
377 4.9079 1.07514e+08 4.54064 0.00058022 4.991295505682014
378 5.11191 1.03591e+08 4.5993 0.000582287 5.221252887724683
379 4.87067 1.08538e+08 4.51364 0.000581304 4.97830245821492
380 5.36875 9.8596e+07 5.03429 0.000582056 5.503754260561083
381 5.19958 1.01651e+08 4.88314 0.000581182 5.349419406769459
382 5.03918 1.05009e+08 4.662 0.000581862 5.181437669720321
383 4.74821 1.11367e+08 4.33328 0.000581461 4.9040596664636045
384 4.98596 1.0613e+08 4.6823 0.000581862 5.1521869841980505
385 4.87782 1.08439e+08 4.52346 0.000581626 5.059551055204948
386 5.37003 9.86213e+07 5.23625 0.000582345 5.557151685233993
387 5.36153 9.84809e+07 5.01345 0.000580595 5.5715575234203385
388 5.07268 1.04497e+08 4.77704 0.000582875 5.2592065705623705
389 5.06857 1.04035e+08 4.75961 0.000579828 5.26700841200556
390 4.50905 1.17535e+08 4.2583 0.000582755 4.696289374929804
391 5.12578 1.02997e+08 4.74357 0.000580519 5.341023704532408
392 4.6889 1.12972e+08 4.24184 0.000582472 4.898352936107134
393 4.68158 1.12815e+08 4.29041 0.000580754 4.875919469764397
394 4.45232 1.1877e+08 4.11458 0.000581466 4.6713825909252815
395 5.19331 1.01687e+08 4.85251 0.000580685 5.443013286568338
396 4.90168 1.08109e+08 4.52088 0.000582693 5.134027763140982
397 5.28324 9.92678e+07 4.82544 0.000576689 5.331409327925618
398 5.44638 9.67091e+07 4.75818 0.000579172 5.532827055529984
399 5.04757 1.0418e+08 4.56257 0.000578228 5.1313281434081635
400 5.46831 9.63466e+07 4.78394 0.000579325 5.5996523690355655
401 5.13183 1.022e+08 4.57417 0.000576707 5.239041101504419
402 5.45731 9.63528e+07 5.06808 0.000578197 5.5901197215013365
403 4.89613 1.0713e+08 4.39582 0.00057676 5.028318821721924
404 4.87593 1.08015e+08 4.30381 0.000579126 5.0231712088273035
405 4.96411 1.05694e+08 4.61824 0.000576934 5.110868702759787
406 4.90802 1.07326e+08 4.44063 0.00057922 5.081763842938585
407 4.82015 1.09019e+08 4.50927 0.000577823 4.996729737194926
408 4.58588 1.1482e+08 4.16155 0.000578994 4.7498519603004565
409 5.37322 9.76118e+07 5.1381 0.000576726 5.5584894282443145
410 4.30914 1.22216e+08 4.01946 0.000579095 4.47296938179122
411 5.32425 9.85165e+07 4.9723 0.000576767 5.5342915134557344
412 4.8751 1.08065e+08 4.54599 0.000579297 5.069180191539054
413 5.25698 9.97489e+07 5.03616 0.000576603 5.475406730872657
414 4.75628 1.1083e+08 4.4521 0.00057964 4.952224204257473
415 3.79158 1.38218e+08 3.46097 0.00057626 3.944559596012728
416 4.98447 1.05717e+08 4.53949 0.000579424 5.231103810428075
417 5.50989 9.52109e+07 5.05745 0.000576849 5.741799353627281
418 4.24723 1.24095e+08 3.85455 0.000579554 4.4456863365217245
419 5.33621 9.78893e+07 4.81892 0.000574382 5.373363996041265
420 5.42445 9.6318e+07 4.90246 0.000574508 5.473783375919286
421 5.42929 9.60956e+07 4.93046 0.000573693 5.476229436854745
422 5.0398 1.03728e+08 4.66867 0.000574834 5.115901368492886
423 5.46157 9.54757e+07 4.71496 0.00057338 5.553856495804682
424 4.81355 1.08537e+08 4.38688 0.000574484 4.907013554978534
425 4.88716 1.06649e+08 4.45248 0.000573119 4.999762781348317
426 4.82139 1.08533e+08 4.35631 0.000575398 4.931016717863092
427 4.72778 1.10232e+08 4.41718 0.000573055 4.835579065188744
428 4.76399 1.09786e+08 4.39468 0.000575108 4.893570601122315
429 4.77302 1.09286e+08 4.45846 0.000573575 4.930637219703568
430 4.86846 1.0764e+08 4.62951 0.000576233 5.001875268228935
431 5.81801 8.95909e+07 5.24306 0.000573154 5.983291743984949
432 5.30774 9.85994e+07 5.2174 0.000575462 5.488828118031115
433 4.85878 1.07255e+08 4.37137 0.000573033 5.010365485104428
434 5.52735 9.46683e+07 5.14356 0.000575379 5.721901182525709
435 4.71301 1.10587e+08 4.34642 0.000573108 4.881567425622852
436 5.54736 9.40974e+07 5.31141 0.00057398 5.7508797248231875
437 5.42253 9.60265e+07 4.89181 0.000572567 5.630453316886109
438 4.94624 1.05918e+08 4.26498 0.000576072 5.155420119628495
439 4.88996 1.06715e+08 4.59737 0.000573803 5.083079319965723
440 5.0494 1.03721e+08 4.67991 0.00057589 5.266145530681965
