# /media/filip/Drive/XY/2022oct/cal_m21_015487_2022-10-23.01-53.root
# analyzed at 2024-11-24 15:48 on debian
# spherCalib: 2.34323e+09
# pixel calibConst adcSum stdCalib calibConstCorr
# nEvents 1686
1 5.49573 9.56686e+07 1 5.603187825864048
2 5.89147 8.878e+07 1 6.048367547777885
3 5.87068 8.92281e+07 1 6.039313916798526
4 5.95727 8.7889e+07 1 6.123272713207415
5 5.48438 9.56108e+07 1 5.636407923138323
6 5.32801 9.82646e+07 1 5.483701188353527
7 5.7415 9.13499e+07 1 5.942364913936497
8 5.39337 9.69961e+07 1 5.570256518796916
9 5.64192 9.31178e+07 1 5.8581760855115235
10 4.80123 1.08974e+08 1 4.960308850946061
11 5.7475 9.13639e+07 1 5.93401872424677
12 5.09042 1.02864e+08 1 5.2659133622008625
13 6.34428 8.25246e+07 1 6.554094142147185
14 6.19192 8.43559e+07 1 6.414222821526382
15 5.29959 9.90767e+07 1 5.497011998066039
16 5.45038 9.5957e+07 1 5.630927933600248
17 5.4406 9.65224e+07 1 5.637598037740236
18 5.07022 1.0308e+08 1 5.239129141506311
19 6.91451 7.58088e+07 1 7.1631394982567915
20 5.64407 9.27539e+07 1 5.856678799328242
21 5.93355 8.85036e+07 1 6.163094270449083
22 5.34261 9.79777e+07 1 5.54186398656977
23 5.49208 9.60703e+07 1 5.576246340100901
24 5.78053 9.12464e+07 1 5.884860025277598
25 5.81546 9.06796e+07 1 5.954696305459718
26 5.5478 9.49561e+07 1 5.681881635396754
27 6.13447 8.60946e+07 1 6.3060389787376465
28 5.83298 9.02081e+07 1 6.0301722600585315
29 6.39946 8.25596e+07 1 6.595364247396618
30 6.01734 8.74555e+07 1 6.201036705171582
31 5.25522 1.00397e+08 1 5.43946706678197
32 4.76598 1.10295e+08 1 4.915200674017923
33 5.20277 1.01544e+08 1 5.376532672728627
34 5.29987 9.93187e+07 1 5.503264795062482
35 5.75136 9.17968e+07 1 5.929259903303082
36 4.77738 1.10339e+08 1 4.953835074851211
37 5.65988 9.33104e+07 1 5.868487909468503
38 5.69211 9.25057e+07 1 5.9194730603945995
39 6.63887 7.94373e+07 1 6.89547666040963
40 5.50014 9.56823e+07 1 5.711030674091726
41 5.72901 9.21441e+07 1 5.94420134736298
42 5.48961 9.60634e+07 1 5.707510668298142
43 5.75958 9.15893e+07 1 5.994282949706294
44 6.36023 8.28289e+07 1 6.617395940580767
45 5.80594 9.13922e+07 1 5.9134883275073635
46 5.42025 9.78541e+07 1 5.564753672000111
47 6.25578 8.49213e+07 1 6.407148405566032
48 5.91685 8.94589e+07 1 6.07968176472302
49 5.78008 9.18849e+07 1 5.9955550228666645
50 5.6527 9.36183e+07 1 5.82508658117311
51 6.01866 8.81973e+07 1 6.235322618306318
52 5.86151 9.02458e+07 1 6.095795119033369
53 4.91528 1.07972e+08 1 5.084283802221474
54 6.05819 8.74732e+07 1 6.27497495537266
55 6.13768 8.65066e+07 1 6.375255455655251
56 5.90649 8.96666e+07 1 6.1614200597738735
57 4.6803 1.13349e+08 1 4.849030265938574
58 5.50506 9.62069e+07 1 5.722319898051003
59 5.66753 9.35889e+07 1 5.901749678740801
60 5.91982 8.95881e+07 1 6.162973021409882
61 6.32621 8.40091e+07 1 6.584511502794257
62 5.67003 9.34632e+07 1 5.897261492751746
63 6.09096 8.72477e+07 1 6.325823168539091
64 5.79361 9.13936e+07 1 6.008756488404521
65 6.21958 8.54095e+07 1 6.439766512385363
66 6.17666 8.5797e+07 1 6.438946594882149
67 5.78652 9.21656e+07 1 5.922704500964662
68 5.53581 9.60707e+07 1 5.666938536273705
69 5.48122 9.7239e+07 1 5.636161606867263
70 5.96445 8.91673e+07 1 6.141323875609902
71 6.42585 8.2844e+07 1 6.6127659727913235
72 5.50958 9.64757e+07 1 5.712491420120908
73 5.37349 9.90649e+07 1 5.567908229523858
74 6.22719 8.54654e+07 1 6.426664703359694
75 5.90233 9.03989e+07 1 6.156300753510735
76 5.35744 9.9367e+07 1 5.5510345121949145
77 4.9994 1.06616e+08 1 5.2079583313391815
78 5.58168 9.54956e+07 1 5.7798265894727265
79 5.95033 8.95956e+07 1 6.180237623908073
80 5.72634 9.29479e+07 1 5.95681994961678
81 5.88566 9.05284e+07 1 6.134842634546837
82 6.11048 8.70747e+07 1 6.36332800077267
83 5.84663 9.10543e+07 1 6.084671436611041
84 6.19487 8.58361e+07 1 6.417349139851931
85 5.17853 1.02965e+08 1 5.398822920915908
86 5.04585 1.05597e+08 1 5.255438286703769
87 6.19995 8.59838e+07 1 6.467350136325452
88 5.79329 9.17795e+07 1 6.040027991276998
89 6.10559 8.75872e+07 1 6.262256684983596
90 5.45577 9.79011e+07 1 5.619712561343117
91 6.4372 8.31325e+07 1 6.612969113252341
92 5.80462 9.21166e+07 1 5.96682137056205
93 5.79592 9.24648e+07 1 5.989925333042954
94 5.5264 9.66823e+07 1 5.701471345543588
95 6.0078 8.91192e+07 1 6.210017727057665
96 5.9525 8.97779e+07 1 6.173942502488545
97 6.05257 8.84351e+07 1 6.3011358156332475
98 5.75351 9.27245e+07 1 5.990076771591086
99 5.69311 9.38545e+07 1 5.942729467580234
100 6.20418 8.60694e+07 1 6.463181681313667
101 6.89461 7.75354e+07 1 7.189212157195051
102 5.36449 9.94641e+07 1 5.605447207991374
103 6.11476 8.74211e+07 1 6.379928264088433
104 6.08713 8.77522e+07 1 6.33975334945193
105 6.3501 8.41945e+07 1 6.629568353247101
106 5.09092 1.04948e+08 1 5.3023320914318
107 5.8672 9.13206e+07 1 6.1125925671102825
108 5.83357 9.16498e+07 1 6.0959685091085865
109 5.29789 1.01187e+08 1 5.526414329827253
110 5.49946 9.70563e+07 1 5.736526354635529
111 5.94365 9.03228e+07 1 6.085910777466619
112 5.55099 9.64354e+07 1 5.683139911650353
113 5.83496 9.20524e+07 1 6.016253682510477
114 6.2224 8.60661e+07 1 6.431081204964134
115 6.06229 8.86033e+07 1 6.268248761830965
116 5.7242 9.37515e+07 1 5.920769779440284
117 6.46679 8.296e+07 1 6.692212260505658
118 5.84244 9.16374e+07 1 6.046146786194632
119 5.523 9.73513e+07 1 5.7383425861458965
120 5.63543 9.5171e+07 1 5.853247712564635
121 5.95175 9.04234e+07 1 6.205421162369278
122 5.54179 9.65858e+07 1 5.761963760122745
123 6.68744 8.0303e+07 1 6.977315105834743
124 5.14617 1.03988e+08 1 5.354077124245964
125 5.64597 9.5033e+07 1 5.893983678622278
126 6.09988 8.8141e+07 1 6.365066149036552
127 5.67143 9.46573e+07 1 5.95107123499341
128 5.53404 9.66793e+07 1 5.7966740184456444
129 5.50197 9.75584e+07 1 5.7447007523413
130 5.4967 9.7523e+07 1 5.7369999340191145
131 5.58268 9.61124e+07 1 5.840063750247049
132 6.07993 8.82497e+07 1 6.3619134329802485
133 5.75815 9.34043e+07 1 5.877933820419
134 5.76337 9.33534e+07 1 5.922468160150132
135 6.32692 8.5167e+07 1 6.536335972927392
136 6.39326 8.39338e+07 1 6.606025209264416
137 6.1628 8.7413e+07 1 6.368841553212712
138 5.86194 9.15497e+07 1 6.059628341456761
139 5.50212 9.80304e+07 1 5.692790194495353
140 5.98434 8.97697e+07 1 6.198297600586742
141 5.52124 9.71866e+07 1 5.743898417046958
142 6.30148 8.52158e+07 1 6.580209758566889
143 5.79794 9.29031e+07 1 6.048391605831429
144 5.77654 9.30452e+07 1 6.0311361360189
145 5.47289 9.82182e+07 1 5.7091078923548215
146 6.5629 8.18208e+07 1 6.843606263005896
147 4.98999 1.07899e+08 1 5.217086676009537
148 5.26332 1.02087e+08 1 5.51231478319752
149 5.82813 9.23927e+07 1 6.089527726512005
150 5.96832 8.99572e+07 1 6.242385048879649
151 6.55291 8.22053e+07 1 6.861717609922022
152 6.21071 8.65041e+07 1 6.506555667884942
153 6.60241 8.14729e+07 1 6.918924686849867
154 6.01603 8.94785e+07 1 6.2701299888989634
155 6.17742 8.74074e+07 1 6.323851782126467
156 5.70683 9.43279e+07 1 5.853780741250863
157 5.97451 9.01212e+07 1 6.155873599435306
158 6.07462 8.86471e+07 1 6.280497093773064
159 6.02826 8.94123e+07 1 6.24198116273864
160 6.04469 8.90752e+07 1 6.245435767080437
161 5.90864 9.13231e+07 1 6.138938664951763
162 6.15279 8.75769e+07 1 6.388867463577321
163 4.87489 1.10489e+08 1 5.066207878694796
164 5.79958 9.2696e+07 1 6.04120331821564
165 6.0407 8.92798e+07 1 6.288568241760274
166 5.41151 9.94445e+07 1 5.6307314850095525
167 5.23956 1.02886e+08 1 5.484157873490028
168 5.57384 9.67432e+07 1 5.819870040939177
169 5.66764 9.51361e+07 1 5.945901649510087
170 6.74658 7.98504e+07 1 7.06219590444712
171 6.4964 8.29492e+07 1 6.80237984186878
172 5.70888 9.4443e+07 1 5.989980793609248
173 5.72882 9.41376e+07 1 6.006080373021441
174 5.46577 9.8471e+07 1 5.718232429350449
175 5.76187 9.34945e+07 1 6.044770779494143
176 5.93368 9.07151e+07 1 6.229302800980731
177 6.02744 8.95687e+07 1 6.205759360302498
178 5.3261 1.01207e+08 1 5.478598931963037
179 5.26707 1.02639e+08 1 5.43731150772394
180 5.83797 9.24452e+07 1 6.00112830768278
181 5.25751 1.02571e+08 1 5.447287921053927
182 5.97784 9.02999e+07 1 6.189222600286271
183 5.93986 9.0892e+07 1 6.160762512118306
184 5.35166 1.00763e+08 1 5.578709262684969
185 5.27817 1.02309e+08 1 5.4945475165084225
186 6.53799 8.25394e+07 1 6.803763265190787
187 6.74411 8.00136e+07 1 7.043681426920764
188 5.11826 1.05432e+08 1 5.340557081012824
189 5.83097 9.26109e+07 1 6.072245202641401
190 6.20055 8.70634e+07 1 6.485780660192444
191 6.24099 8.64686e+07 1 6.536996547461047
192 6.0796 8.87481e+07 1 6.3559885224099855
193 5.78971 9.3249e+07 1 6.054391748964673
194 5.55813 9.71708e+07 1 5.81585746654875
195 5.50902 9.79219e+07 1 5.7635646480301395
196 5.67801 9.51382e+07 1 5.965895059952215
197 5.71025 9.46119e+07 1 5.994004507121208
198 6.55887 8.22014e+07 1 6.879043712950148
199 6.70001 8.05846e+07 1 6.8049205906872166
200 6.02972 8.94813e+07 1 6.201136759445099
201 6.24502 8.64232e+07 1 6.4239874296466
202 5.81661 9.29861e+07 1 6.02922707857629
203 6.26651 8.63702e+07 1 6.454806004688463
204 5.71792 9.44582e+07 1 5.919852599060867
205 6.0278 8.93413e+07 1 6.243652408298547
206 5.96001 9.05194e+07 1 6.192618653400492
207 6.09936 8.84656e+07 1 6.322994235157722
208 4.90074 1.09918e+08 1 5.106940184394175
209 5.63053 9.59528e+07 1 5.855890299346901
210 6.53244 8.24692e+07 1 6.8311963217365905
211 5.34657 1.00945e+08 1 5.595507792594772
212 5.62665 9.61065e+07 1 5.89642941292505
213 6.17692 8.7322e+07 1 6.45908677173207
214 5.58042 9.66175e+07 1 5.816065464775115
215 5.82917 9.2699e+07 1 6.085199678755568
216 6.07832 8.87967e+07 1 6.347068049831612
217 5.57402 9.68308e+07 1 5.816375660742604
218 5.74955 9.38159e+07 1 5.997831916150578
219 5.61383 9.60857e+07 1 5.863520339387015
220 6.83766 7.89857e+07 1 7.114978541478504
221 5.97678 9.03486e+07 1 6.0827512775842525
222 6.45761 8.35628e+07 1 6.630133557160969
223 6.68406 8.07226e+07 1 6.858080021301287
224 6.33893 8.52662e+07 1 6.515978252996851
225 6.00818 8.98057e+07 1 6.212547818129957
226 5.71664 9.44509e+07 1 5.907002957162197
227 5.77268 9.36474e+07 1 5.981497349720678
228 5.74622 9.38897e+07 1 5.975154767617931
229 5.86972 9.18712e+07 1 6.089179880493394
230 5.54884 9.7347e+07 1 5.769766524891708
231 5.57164 9.67752e+07 1 5.818949612926066
232 6.44692 8.38062e+07 1 6.713639900880095
233 6.10081 8.83615e+07 1 6.38666686062804
234 5.72732 9.43916e+07 1 5.978724396558029
235 6.1932 8.70082e+07 1 6.466358368972309
236 5.27713 1.02221e+08 1 5.504885164282603
237 6.12553 8.80137e+07 1 6.40521818089652
238 4.99608 1.07967e+08 1 5.2017762044002955
239 6.20485 8.68868e+07 1 6.469691502572571
240 5.34612 1.00838e+08 1 5.573177653949948
241 5.36016 1.00688e+08 1 5.601146734638235
242 6.01557 8.95885e+07 1 6.234765860933892
243 5.89285 9.14009e+07 1 5.997765706381981
244 5.99847 8.99405e+07 1 6.152236889347702
245 5.54241 9.72607e+07 1 5.681998737901852
246 5.96215 9.04697e+07 1 6.145216216830875
247 5.55466 9.72082e+07 1 5.740593998400939
248 6.06208 8.89225e+07 1 6.256416756965605
249 6.16097 8.73997e+07 1 6.3866892022442485
250 5.95519 9.05687e+07 1 6.1912628831637955
251 5.35665 1.00454e+08 1 5.5590233355142535
252 5.49975 9.80611e+07 1 5.714244775717762
253 5.23883 1.03024e+08 1 5.4591174422860735
254 6.59576 8.1742e+07 1 6.862747632139956
255 5.50112 9.7914e+07 1 5.728160303158527
256 5.56989 9.66441e+07 1 5.811216857829485
257 6.43669 8.36317e+07 1 6.7258087127033415
258 6.54054 8.2467e+07 1 6.829533304240694
259 5.78125 9.32927e+07 1 6.038663244099784
260 5.34077 1.00807e+08 1 5.591814109772536
261 5.18506 1.04135e+08 1 5.41812821838549
262 5.61824 9.60293e+07 1 5.856326355865472
263 5.78571 9.30779e+07 1 6.018685982723981
264 5.63246 9.57763e+07 1 5.864533379492663
265 5.92065 9.10481e+07 1 6.018902481212647
266 5.75073 9.39859e+07 1 5.8715679834937
267 6.19129 8.70701e+07 1 6.350592206014762
268 6.04154 8.91336e+07 1 6.2331401434775495
269 6.23337 8.61373e+07 1 6.395260991472271
270 6.08513 8.84019e+07 1 6.286093159869452
271 5.27015 1.022e+08 1 5.427250271864314
272 6.33065 8.50948e+07 1 6.56309294533231
273 5.81262 9.2588e+07 1 6.02514901356712
274 6.16516 8.73276e+07 1 6.415356292516361
275 6.33591 8.48894e+07 1 6.616439617512282
276 6.11792 8.79477e+07 1 6.384592425672514
277 5.93083 9.07204e+07 1 6.179577655691665
278 5.41686 9.9501e+07 1 5.67800772722492
279 5.63218 9.55983e+07 1 5.8738028787308645
280 6.48187 8.29989e+07 1 6.771263219172389
281 6.13856 8.76351e+07 1 6.425693758551857
282 5.6962 9.44901e+07 1 5.948979382156726
283 5.33287 1.00831e+08 1 5.5678606362940055
284 5.68568 9.49733e+07 1 5.928812988192114
285 6.00051 8.95338e+07 1 6.2482843123337375
286 5.80519 9.27559e+07 1 6.031035667664209
287 5.75367 9.32251e+07 1 5.8464715599760195
288 5.95345 9.02421e+07 1 6.067993056186239
289 6.08017 8.83173e+07 1 6.223498248832374
290 5.90017 9.1056e+07 1 6.069741806420094
291 5.75796 9.33118e+07 1 5.926457656154804
292 5.37035 9.99179e+07 1 5.533244709950397
293 5.96024 9.00751e+07 1 6.179321396701541
294 5.624 9.53821e+07 1 5.823281157642435
295 6.50989 8.25509e+07 1 6.730829577046151
296 6.48927 8.2799e+07 1 6.712600842672463
297 5.60386 9.58181e+07 1 5.81947259184111
298 5.4091 9.92604e+07 1 5.61145800148826
299 6.47258 8.31185e+07 1 6.736701711225466
300 5.74767 9.37494e+07 1 6.015339498652682
301 6.22059 8.63173e+07 1 6.495431736594927
302 6.31587 8.5226e+07 1 6.579266364651987
303 5.47069 9.80309e+07 1 5.68577001788694
304 5.70494 9.42689e+07 1 5.95388372868677
305 6.21956 8.63938e+07 1 6.485510770749312
306 6.32409 8.50139e+07 1 6.58464928629418
307 6.95563 7.72415e+07 1 7.240192561614841
308 5.60901 9.59143e+07 1 5.84740239504391
309 6.25296 8.5557e+07 1 6.329520634265533
310 6.24189 8.60521e+07 1 6.360876621589638
311 6.3732 8.38381e+07 1 6.523936934213551
312 5.09636 1.05308e+08 1 5.213428861615471
313 5.96397 8.97485e+07 1 6.0893663573310075
314 5.94124 9.02661e+07 1 6.132711947159917
315 5.80068 9.23001e+07 1 5.994721362216485
316 5.13905 1.04351e+08 1 5.333287521068665
317 6.10614 8.75903e+07 1 6.300217521734622
318 6.01303 8.9177e+07 1 6.223339977695627
319 5.95217 8.99831e+07 1 6.160967499801506
320 5.87393 9.13114e+07 1 6.0923900934779045
321 6.00047 8.91132e+07 1 6.23509747368718
322 5.64102 9.502e+07 1 5.85199593001495
323 5.52259 9.69303e+07 1 5.727052315957852
324 6.71964 7.96977e+07 1 7.012074619817049
325 5.61558 9.5157e+07 1 5.837799904835805
326 4.99451 1.07489e+08 1 5.2002767281888795
327 6.31933 8.46748e+07 1 6.592444243017814
328 5.75994 9.31263e+07 1 6.013990504091849
329 6.14508 8.70658e+07 1 6.398561623147517
330 4.96407 1.08e+08 1 5.186161725060805
331 6.43721 8.30669e+07 1 6.497555224134364
332 5.83492 9.15489e+07 1 5.938179538938201
333 6.02296 8.85318e+07 1 6.158235804039464
334 5.93197 9.00403e+07 1 6.050409138459108
335 5.34313 9.98155e+07 1 5.471123053716819
336 6.57011 8.1325e+07 1 6.763384155860063
337 5.93032 8.97817e+07 1 6.09935096542879
338 6.3366 8.40651e+07 1 6.525931002199352
339 6.51919 8.16826e+07 1 6.72567980664193
340 5.50077 9.70973e+07 1 5.673126021797702
341 5.19538 1.02634e+08 1 5.381530959507363
342 6.56898 8.12355e+07 1 6.82173013412116
343 6.04497 8.80831e+07 1 6.292692152641349
344 5.91858 9.02532e+07 1 6.168061432245327
345 5.78503 9.21379e+07 1 6.012321900974219
346 5.21319 1.02446e+08 1 5.4466478844400745
347 5.65489 9.41802e+07 1 5.897027498541313
348 5.48564 9.72951e+07 1 5.721724851871797
349 5.67487 9.39199e+07 1 5.940614762035117
350 5.4996 9.72171e+07 1 5.734879951200205
351 6.30031 8.44616e+07 1 6.577421880153869
352 5.46055 9.76602e+07 1 5.706212326365179
353 5.84303 9.0849e+07 1 5.922853494623423
354 6.30231 8.43245e+07 1 6.402936709024978
355 5.93599 8.93695e+07 1 6.032131011982994
356 6.36434 8.3469e+07 1 6.505197498186465
357 6.00355 8.82597e+07 1 6.135418522301213
358 5.80991 9.15665e+07 1 5.959843479610953
359 5.80088 9.15507e+07 1 5.942121615023134
360 5.54702 9.57305e+07 1 5.669886602318252
361 5.85082 9.07193e+07 1 6.025030486531519
362 6.47241 8.21876e+07 1 6.711978600649762
363 6.16066 8.62494e+07 1 6.3880924592621575
364 6.44944 8.24909e+07 1 6.696012837444308
365 6.43891 8.23746e+07 1 6.697855078417543
366 6.18225 8.61228e+07 1 6.442509325003589
367 6.18769 8.56137e+07 1 6.432256684336736
368 6.40917 8.29445e+07 1 6.650324039720516
369 6.51344 8.13439e+07 1 6.794021050212435
370 6.59991 8.07008e+07 1 6.909478235461746
371 7.17771 7.40313e+07 1 7.470413749525601
372 7.097 7.49152e+07 1 7.391792889346236
373 5.42122 9.80846e+07 1 5.650480634838358
374 5.1415 1.03454e+08 1 5.383575818694253
375 5.75157 9.1845e+07 1 5.800782606738121
376 6.2426 8.48542e+07 1 6.358049988986944
377 5.88107 8.97229e+07 1 5.981001703294957
378 5.84846 9.05447e+07 1 5.973557567277652
379 5.72374 9.23614e+07 1 5.85022366782867
380 6.44084 8.21844e+07 1 6.602803369795994
381 6.22975 8.48416e+07 1 6.409276431812192
382 5.85093 9.04405e+07 1 6.016103632911847
383 5.5031 9.60906e+07 1 5.683727288918531
384 5.88192 8.99639e+07 1 6.078017406095155
385 5.67845 9.31496e+07 1 5.890009817793303
386 6.42024 8.2489e+07 1 6.643956837411838
387 6.26881 8.42278e+07 1 6.514378455103796
388 5.92287 8.94975e+07 1 6.140658748548448
389 5.91199 8.91934e+07 1 6.143448953391736
390 5.20528 1.01814e+08 1 5.421430491463747
391 5.95262 8.86902e+07 1 6.2025846844916686
392 5.23714 1.01146e+08 1 5.471082790378152
393 5.42411 9.73713e+07 1 5.649273013628681
394 5.06511 1.04401e+08 1 5.314323021508236
395 6.06674 8.70468e+07 1 6.358439304827865
396 5.67721 9.33409e+07 1 5.9463191716271995
397 6.24318 8.40045e+07 1 6.300101469537378
398 6.21337 8.4771e+07 1 6.311991018257694
399 5.85664 8.97879e+07 1 5.95382365332427
400 6.28057 8.38862e+07 1 6.4314218980624185
401 5.82456 9.00449e+07 1 5.946243199439301
402 6.39555 8.22176e+07 1 6.551192837652227
403 5.48434 9.56397e+07 1 5.632409688207301
404 5.43722 9.68642e+07 1 5.6014107995931015
405 5.75759 9.11281e+07 1 5.927807106273376
406 5.57959 9.4408e+07 1 5.777107412036158
407 5.58597 9.40727e+07 1 5.790604526846414
408 5.07389 1.03777e+08 1 5.25531116445456
409 6.2776 8.35493e+07 1 6.4940525857393725
410 4.8657 1.08236e+08 1 5.050689260729877
411 6.0871 8.61702e+07 1 6.327235924600912
412 5.57509 9.44967e+07 1 5.797037146734933
413 6.23431 8.41115e+07 1 6.493344645851175
414 5.51451 9.55915e+07 1 5.741690963656445
415 4.23588 1.23721e+08 1 4.406785852219494
416 5.7427 9.17587e+07 1 6.0268513707867255
417 6.37951 8.22322e+07 1 6.648021356952456
418 4.74678 1.11036e+08 1 4.968578341289403
419 6.1893 8.43969e+07 1 6.232393736509283
420 6.27158 8.33079e+07 1 6.328617711426574
421 6.33836 8.23132e+07 1 6.393158886959923
422 5.80665 9.00293e+07 1 5.8943308626055035
423 5.98862 8.70729e+07 1 6.0898122861935
424 5.48843 9.51912e+07 1 5.594997539352627
425 5.56011 9.37408e+07 1 5.688217909420316
426 5.3294 9.81877e+07 1 5.45057763345831
427 5.45782 9.54871e+07 1 5.582264854449327
428 5.35604 9.76501e+07 1 5.501724370209669
429 5.52073 9.44845e+07 1 5.70303849930109
430 5.81132 9.01759e+07 1 5.97057340180759
431 6.47401 8.05128e+07 1 6.657927810965605
432 6.35746 8.23191e+07 1 6.5743621969535235
433 5.42276 9.61006e+07 1 5.591940680171748
434 6.13792 8.52512e+07 1 6.3539619720568075
435 5.37903 9.68947e+07 1 5.5714071536975505
436 6.55574 7.96237e+07 1 6.796254839637658
437 6.05771 8.59578e+07 1 6.289988872764955
438 5.44126 9.62819e+07 1 5.671374878721968
439 5.63981 9.25264e+07 1 5.8625431659023555
440 5.87069 8.92108e+07 1 6.122689409735672
