# /storage/gpfs_data/auger/fabiocon/2022oct/cal_m21_015487_2022-10-23.01-53.root
#eventId pulseBegin pulseEnd pulseLength type
1 276 328 52 -1
2 273 325 52 -1
3 272 324 52 -1
4 279 331 52 -1
5 272 324 52 -1
6 274 326 52 -1
7 281 333 52 -1
8 272 324 52 -1
9 274 326 52 -1
10 274 326 52 -1
11 250 350 100 0
12 250 350 100 0
13 250 350 100 0
14 250 350 100 0
15 272 323 51 -1
16 274 326 52 -1
17 278 330 52 -1
18 276 328 52 -1
19 278 330 52 -1
20 273 325 52 -1
21 280 331 51 -1
22 280 332 52 -1
23 276 328 52 -1
24 274 325 51 -1
25 250 350 100 0
26 250 350 100 0
27 250 350 100 0
28 250 350 100 0
29 250 350 100 0
30 250 350 100 0
31 250 350 100 0
32 278 329 51 -1
33 278 330 52 -1
34 274 326 52 -1
35 276 328 52 -1
36 274 326 52 -1
37 272 323 51 -1
38 274 326 52 -1
39 278 330 52 -1
40 277 329 52 -1
41 281 333 52 -1
42 274 326 52 -1
43 274 326 52 -1
44 275 327 52 -1
45 274 326 52 -1
46 277 329 52 -1
47 250 350 100 0
48 250 350 100 0
49 250 350 100 0
50 250 350 100 0
51 250 350 100 0
52 278 329 51 -1
53 273 325 52 -1
54 277 329 52 -1
55 278 330 52 -1
56 276 328 52 -1
57 276 328 52 -1
58 272 324 52 -1
59 279 331 52 -1
60 276 328 52 -1
61 278 330 52 -1
62 277 329 52 -1
63 274 326 52 -1
64 279 331 52 -1
65 271 323 52 -1
66 271 323 52 -1
67 279 331 52 -1
68 271 323 52 -1
69 279 331 52 -1
70 280 332 52 -1
71 275 327 52 -1
72 250 350 100 0
73 250 350 100 0
74 250 350 100 0
75 250 350 100 0
76 276 328 52 -1
77 279 330 51 -1
78 280 332 52 -1
79 276 328 52 -1
80 279 331 52 -1
81 279 331 52 -1
82 273 325 52 -1
83 273 325 52 -1
84 277 329 52 -1
85 273 325 52 -1
86 277 328 51 -1
87 276 327 51 -1
88 274 326 52 -1
89 275 327 52 -1
90 279 331 52 -1
91 275 327 52 -1
92 275 327 52 -1
93 277 329 52 -1
94 281 333 52 -1
95 278 330 52 -1
96 277 329 52 -1
97 275 327 52 -1
98 281 333 52 -1
99 250 350 100 0
100 250 350 100 0
101 250 350 100 0
102 250 350 100 0
103 272 324 52 -1
104 273 325 52 -1
105 280 332 52 -1
106 277 329 52 -1
107 275 327 52 -1
108 275 327 52 -1
109 272 324 52 -1
110 273 325 52 -1
111 272 324 52 -1
112 273 325 52 -1
113 275 327 52 -1
114 272 324 52 -1
115 273 325 52 -1
116 276 328 52 -1
117 280 332 52 -1
118 272 324 52 -1
119 278 330 52 -1
120 279 331 52 -1
121 278 330 52 -1
122 277 329 52 -1
123 274 326 52 -1
124 272 324 52 -1
125 274 326 52 -1
126 279 330 51 -1
127 250 350 100 0
128 250 350 100 0
129 250 350 100 0
130 250 350 100 0
131 278 330 52 -1
132 275 327 52 -1
133 273 325 52 -1
134 275 327 52 -1
135 271 323 52 -1
136 272 324 52 -1
137 272 324 52 -1
138 280 332 52 -1
139 275 327 52 -1
140 272 324 52 -1
141 280 332 52 -1
142 281 333 52 -1
143 280 332 52 -1
144 279 331 52 -1
145 276 328 52 -1
146 278 329 51 -1
147 280 332 52 -1
148 280 332 52 -1
149 276 328 52 -1
150 278 330 52 -1
151 280 332 52 -1
152 280 332 52 -1
153 281 333 52 -1
154 278 330 52 -1
155 274 326 52 -1
156 275 327 52 -1
157 279 331 52 -1
158 250 350 100 0
159 250 350 100 0
160 250 350 100 0
161 250 350 100 0
162 274 326 52 -1
163 280 332 52 -1
164 277 329 52 -1
165 280 332 52 -1
166 278 330 52 -1
167 273 325 52 -1
168 272 324 52 -1
169 275 327 52 -1
170 281 333 52 -1
171 275 327 52 -1
172 278 330 52 -1
173 279 331 52 -1
174 276 328 52 -1
175 278 330 52 -1
176 279 331 52 -1
177 278 330 52 -1
178 281 333 52 -1
179 280 332 52 -1
180 275 327 52 -1
181 272 324 52 -1
182 279 331 52 -1
183 278 330 52 -1
184 272 324 52 -1
185 281 333 52 -1
186 274 326 52 -1
187 276 328 52 -1
188 280 331 51 -1
189 272 324 52 -1
190 250 350 100 0
191 250 350 100 0
192 250 350 100 0
193 274 326 52 -1
194 277 329 52 -1
195 273 325 52 -1
196 271 323 52 -1
197 278 330 52 -1
198 275 327 52 -1
199 281 333 52 -1
200 280 332 52 -1
201 280 332 52 -1
202 278 330 52 -1
203 280 332 52 -1
204 276 328 52 -1
205 280 332 52 -1
206 275 327 52 -1
207 280 332 52 -1
208 276 328 52 -1
209 280 332 52 -1
210 272 324 52 -1
211 276 328 52 -1
212 281 333 52 -1
213 272 324 52 -1
214 278 330 52 -1
215 272 324 52 -1
216 280 332 52 -1
217 274 326 52 -1
218 281 333 52 -1
219 275 327 52 -1
220 279 331 52 -1
221 276 328 52 -1
222 279 331 52 -1
223 279 331 52 -1
224 250 350 100 0
225 250 350 100 0
226 277 329 52 -1
227 273 325 52 -1
228 272 324 52 -1
229 278 330 52 -1
230 279 331 52 -1
231 278 330 52 -1
232 277 329 52 -1
233 276 328 52 -1
234 277 329 52 -1
235 272 324 52 -1
236 277 328 51 -1
237 278 330 52 -1
238 277 329 52 -1
239 280 332 52 -1
240 281 333 52 -1
241 278 330 52 -1
242 280 332 52 -1
243 271 323 52 -1
244 273 325 52 -1
245 280 332 52 -1
246 278 330 52 -1
247 272 324 52 -1
248 275 327 52 -1
249 273 325 52 -1
250 277 329 52 -1
251 273 325 52 -1
252 277 329 52 -1
253 274 326 52 -1
254 275 327 52 -1
255 272 324 52 -1
256 274 326 52 -1
257 281 333 52 -1
258 250 350 100 0
259 250 350 100 0
260 281 332 51 -1
261 276 328 52 -1
262 273 325 52 -1
263 277 329 52 -1
264 280 332 52 -1
265 281 333 52 -1
266 272 324 52 -1
267 280 332 52 -1
268 279 331 52 -1
269 281 333 52 -1
270 280 332 52 -1
271 280 332 52 -1
272 272 324 52 -1
273 272 324 52 -1
274 277 329 52 -1
275 280 332 52 -1
276 273 325 52 -1
277 274 326 52 -1
278 281 333 52 -1
279 274 326 52 -1
280 280 332 52 -1
281 273 325 52 -1
282 274 326 52 -1
283 277 329 52 -1
284 276 328 52 -1
285 278 330 52 -1
286 276 328 52 -1
287 276 328 52 -1
288 280 332 52 -1
289 280 332 52 -1
290 276 328 52 -1
291 272 324 52 -1
292 273 325 52 -1
293 250 350 100 0
294 250 350 100 0
295 250 350 100 0
296 274 326 52 -1
297 278 329 51 -1
298 277 329 52 -1
299 276 328 52 -1
300 276 328 52 -1
301 275 327 52 -1
302 273 325 52 -1
303 272 324 52 -1
304 281 333 52 -1
305 276 327 51 -1
306 271 323 52 -1
307 276 328 52 -1
308 277 329 52 -1
309 274 326 52 -1
310 277 329 52 -1
311 277 329 52 -1
312 276 328 52 -1
313 278 330 52 -1
314 280 332 52 -1
315 276 328 52 -1
316 275 327 52 -1
317 274 326 52 -1
318 277 329 52 -1
319 272 324 52 -1
320 279 331 52 -1
321 275 327 52 -1
322 271 323 52 -1
323 278 330 52 -1
324 278 330 52 -1
325 273 325 52 -1
326 273 325 52 -1
327 278 330 52 -1
328 281 333 52 -1
329 279 331 52 -1
330 250 350 100 0
331 250 350 100 0
332 250 350 100 0
333 250 350 100 0
334 280 332 52 -1
335 281 333 52 -1
336 275 327 52 -1
337 273 325 52 -1
338 275 327 52 -1
339 275 327 52 -1
340 273 325 52 -1
341 275 327 52 -1
342 278 330 52 -1
343 276 328 52 -1
344 278 330 52 -1
345 278 330 52 -1
346 274 326 52 -1
347 275 327 52 -1
348 276 328 52 -1
349 279 331 52 -1
350 276 328 52 -1
351 279 331 52 -1
352 277 329 52 -1
353 273 325 52 -1
354 276 328 52 -1
355 275 326 51 -1
356 281 333 52 -1
357 278 330 52 -1
358 274 325 51 -1
359 280 332 52 -1
360 276 328 52 -1
361 274 326 52 -1
362 275 327 52 -1
363 272 324 52 -1
364 276 328 52 -1
365 272 324 52 -1
366 274 326 52 -1
367 278 330 52 -1
368 281 333 52 -1
369 250 350 100 0
370 250 350 100 0
371 250 350 100 0
372 274 326 52 -1
373 273 325 52 -1
374 279 331 52 -1
375 273 325 52 -1
376 271 323 52 -1
377 279 331 52 -1
378 281 333 52 -1
379 279 331 52 -1
380 278 330 52 -1
381 277 329 52 -1
382 275 327 52 -1
383 280 331 51 -1
384 281 333 52 -1
385 278 330 52 -1
386 280 332 52 -1
387 278 330 52 -1
388 274 326 52 -1
389 274 325 51 -1
390 276 328 52 -1
391 272 324 52 -1
392 281 333 52 -1
393 281 333 52 -1
394 280 332 52 -1
395 280 332 52 -1
396 274 326 52 -1
397 273 325 52 -1
398 274 326 52 -1
399 272 324 52 -1
400 276 328 52 -1
401 274 326 52 -1
402 276 328 52 -1
403 276 328 52 -1
404 277 329 52 -1
405 274 326 52 -1
406 275 327 52 -1
407 275 327 52 -1
408 250 350 100 0
409 250 350 100 0
410 274 326 52 -1
411 281 333 52 -1
412 281 333 52 -1
413 273 325 52 -1
414 271 323 52 -1
415 277 329 52 -1
416 273 325 52 -1
417 274 326 52 -1
418 272 324 52 -1
419 274 326 52 -1
420 274 326 52 -1
421 274 326 52 -1
422 273 325 52 -1
423 276 328 52 -1
424 273 325 52 -1
425 276 328 52 -1
426 280 332 52 -1
427 277 329 52 -1
428 274 326 52 -1
429 272 324 52 -1
430 276 328 52 -1
431 279 330 51 -1
432 277 329 52 -1
433 278 330 52 -1
434 273 325 52 -1
435 272 324 52 -1
436 280 332 52 -1
437 280 332 52 -1
438 279 331 52 -1
439 277 329 52 -1
440 280 332 52 -1
441 276 328 52 -1
442 280 332 52 -1
443 278 330 52 -1
444 277 329 52 -1
445 276 328 52 -1
446 276 328 52 -1
447 250 350 100 0
448 250 350 100 0
449 274 326 52 -1
450 277 329 52 -1
451 280 332 52 -1
452 279 331 52 -1
453 272 324 52 -1
454 281 333 52 -1
455 275 327 52 -1
456 275 326 51 -1
457 273 325 52 -1
458 280 332 52 -1
459 279 331 52 -1
460 275 327 52 -1
461 279 331 52 -1
462 277 329 52 -1
463 279 331 52 -1
464 272 324 52 -1
465 281 333 52 -1
466 274 326 52 -1
467 272 324 52 -1
468 272 324 52 -1
469 272 324 52 -1
470 273 325 52 -1
471 278 330 52 -1
472 272 324 52 -1
473 272 324 52 -1
474 274 326 52 -1
475 280 332 52 -1
476 276 328 52 -1
477 272 324 52 -1
478 274 325 51 -1
479 275 327 52 -1
480 275 327 52 -1
481 275 327 52 -1
482 277 329 52 -1
483 281 333 52 -1
484 281 333 52 -1
485 276 328 52 -1
486 278 330 52 -1
487 250 350 100 0
488 250 350 100 0
489 272 324 52 -1
490 273 325 52 -1
491 281 333 52 -1
492 280 332 52 -1
493 276 328 52 -1
494 277 329 52 -1
495 272 324 52 -1
496 274 326 52 -1
497 274 326 52 -1
498 273 325 52 -1
499 278 330 52 -1
500 273 325 52 -1
501 274 326 52 -1
502 280 332 52 -1
503 276 328 52 -1
504 280 332 52 -1
505 279 331 52 -1
506 272 324 52 -1
507 279 331 52 -1
508 277 329 52 -1
509 273 324 51 -1
510 272 324 52 -1
511 278 329 51 -1
512 276 328 52 -1
513 278 330 52 -1
514 278 330 52 -1
515 281 333 52 -1
516 276 328 52 -1
517 276 328 52 -1
518 271 323 52 -1
519 281 333 52 -1
520 280 332 52 -1
521 274 326 52 -1
522 279 331 52 -1
523 276 327 51 -1
524 277 329 52 -1
525 272 324 52 -1
526 276 328 52 -1
527 272 324 52 -1
528 250 350 100 0
529 250 350 100 0
530 274 325 51 -1
531 274 326 52 -1
532 272 324 52 -1
533 279 331 52 -1
534 273 325 52 -1
535 278 330 52 -1
536 276 328 52 -1
537 272 324 52 -1
538 273 325 52 -1
539 281 333 52 -1
540 271 323 52 -1
541 281 333 52 -1
542 273 325 52 -1
543 275 327 52 -1
544 276 328 52 -1
545 276 328 52 -1
546 280 331 51 -1
547 279 331 52 -1
548 273 325 52 -1
549 275 327 52 -1
550 274 326 52 -1
551 272 324 52 -1
552 279 331 52 -1
553 280 332 52 -1
554 274 326 52 -1
555 272 324 52 -1
556 272 324 52 -1
557 276 328 52 -1
558 274 326 52 -1
559 274 326 52 -1
560 273 325 52 -1
561 277 329 52 -1
562 276 328 52 -1
563 281 333 52 -1
564 281 333 52 -1
565 280 332 52 -1
566 277 329 52 -1
567 275 327 52 -1
568 279 330 51 -1
569 281 333 52 -1
570 250 350 100 0
571 250 350 100 0
572 250 350 100 0
573 277 329 52 -1
574 277 329 52 -1
575 280 332 52 -1
576 275 327 52 -1
577 273 325 52 -1
578 278 330 52 -1
579 280 332 52 -1
580 277 329 52 -1
581 280 332 52 -1
582 272 324 52 -1
583 276 328 52 -1
584 275 327 52 -1
585 273 325 52 -1
586 279 331 52 -1
587 274 326 52 -1
588 278 330 52 -1
589 273 325 52 -1
590 272 324 52 -1
591 277 329 52 -1
592 278 330 52 -1
593 273 325 52 -1
594 279 330 51 -1
595 281 332 51 -1
596 280 332 52 -1
597 273 325 52 -1
598 273 325 52 -1
599 273 325 52 -1
600 276 328 52 -1
601 278 330 52 -1
602 275 327 52 -1
603 280 332 52 -1
604 273 325 52 -1
605 279 330 51 -1
606 279 331 52 -1
607 274 326 52 -1
608 281 333 52 -1
609 276 328 52 -1
610 280 332 52 -1
611 280 332 52 -1
612 250 350 100 0
613 250 350 100 0
614 250 350 100 0
615 277 329 52 -1
616 277 329 52 -1
617 272 324 52 -1
618 281 333 52 -1
619 275 327 52 -1
620 272 324 52 -1
621 271 323 52 -1
622 278 330 52 -1
623 275 327 52 -1
624 278 330 52 -1
625 272 324 52 -1
626 279 331 52 -1
627 272 324 52 -1
628 273 325 52 -1
629 279 331 52 -1
630 280 332 52 -1
631 281 333 52 -1
632 273 325 52 -1
633 276 328 52 -1
634 277 329 52 -1
635 274 326 52 -1
636 275 327 52 -1
637 272 324 52 -1
638 276 328 52 -1
639 280 332 52 -1
640 273 325 52 -1
641 274 326 52 -1
642 279 331 52 -1
643 281 333 52 -1
644 276 328 52 -1
645 279 331 52 -1
646 274 326 52 -1
647 276 328 52 -1
648 280 332 52 -1
649 272 324 52 -1
650 279 331 52 -1
651 275 327 52 -1
652 275 327 52 -1
653 277 329 52 -1
654 274 326 52 -1
655 250 350 100 0
656 250 350 100 0
657 277 329 52 -1
658 272 324 52 -1
659 272 324 52 -1
660 280 332 52 -1
661 278 330 52 -1
662 281 333 52 -1
663 274 326 52 -1
664 278 330 52 -1
665 276 328 52 -1
666 280 332 52 -1
667 278 330 52 -1
668 275 327 52 -1
669 272 324 52 -1
670 273 325 52 -1
671 277 329 52 -1
672 276 328 52 -1
673 274 326 52 -1
674 281 333 52 -1
675 281 333 52 -1
676 277 329 52 -1
677 280 332 52 -1
678 271 323 52 -1
679 273 325 52 -1
680 279 331 52 -1
681 281 333 52 -1
682 278 330 52 -1
683 281 333 52 -1
684 281 333 52 -1
685 271 323 52 -1
686 273 325 52 -1
687 280 332 52 -1
688 279 331 52 -1
689 272 324 52 -1
690 275 327 52 -1
691 279 331 52 -1
692 277 328 51 -1
693 279 331 52 -1
694 274 326 52 -1
695 275 327 52 -1
696 272 324 52 -1
697 274 326 52 -1
698 250 350 100 0
699 250 350 100 0
700 276 328 52 -1
701 279 331 52 -1
702 279 331 52 -1
703 278 330 52 -1
704 273 325 52 -1
705 275 327 52 -1
706 278 330 52 -1
707 274 326 52 -1
708 278 330 52 -1
709 277 329 52 -1
710 277 328 51 -1
711 279 331 52 -1
712 274 326 52 -1
713 279 331 52 -1
714 278 330 52 -1
715 278 330 52 -1
716 277 329 52 -1
717 279 331 52 -1
718 277 329 52 -1
719 273 325 52 -1
720 278 330 52 -1
721 275 327 52 -1
722 280 332 52 -1
723 273 325 52 -1
724 274 326 52 -1
725 275 327 52 -1
726 273 325 52 -1
727 279 331 52 -1
728 273 325 52 -1
729 277 329 52 -1
730 281 333 52 -1
731 276 328 52 -1
732 272 324 52 -1
733 275 327 52 -1
734 280 332 52 -1
735 273 325 52 -1
736 273 325 52 -1
737 280 332 52 -1
738 274 326 52 -1
739 275 327 52 -1
740 250 350 100 0
741 250 350 100 0
742 277 329 52 -1
743 275 327 52 -1
744 273 325 52 -1
745 279 331 52 -1
746 273 325 52 -1
747 276 328 52 -1
748 272 324 52 -1
749 280 332 52 -1
750 276 328 52 -1
751 276 328 52 -1
752 276 328 52 -1
753 280 332 52 -1
754 279 331 52 -1
755 274 326 52 -1
756 278 330 52 -1
757 278 330 52 -1
758 278 330 52 -1
759 273 325 52 -1
760 280 332 52 -1
761 280 332 52 -1
762 281 333 52 -1
763 280 332 52 -1
764 273 325 52 -1
765 272 324 52 -1
766 271 323 52 -1
767 280 332 52 -1
768 272 324 52 -1
769 281 333 52 -1
770 275 327 52 -1
771 276 328 52 -1
772 274 326 52 -1
773 274 326 52 -1
774 277 329 52 -1
775 277 329 52 -1
776 273 325 52 -1
777 281 333 52 -1
778 280 331 51 -1
779 273 325 52 -1
780 273 325 52 -1
781 275 327 52 -1
782 275 327 52 -1
783 250 350 100 0
784 278 330 52 -1
785 278 330 52 -1
786 271 323 52 -1
787 273 325 52 -1
788 277 329 52 -1
789 281 333 52 -1
790 281 333 52 -1
791 275 327 52 -1
792 272 324 52 -1
793 273 325 52 -1
794 274 326 52 -1
795 277 329 52 -1
796 277 329 52 -1
797 279 331 52 -1
798 278 330 52 -1
799 273 325 52 -1
800 271 323 52 -1
801 278 330 52 -1
802 275 327 52 -1
803 281 333 52 -1
804 274 326 52 -1
805 278 330 52 -1
806 274 326 52 -1
807 279 331 52 -1
808 281 333 52 -1
809 276 328 52 -1
810 277 329 52 -1
811 272 324 52 -1
812 279 331 52 -1
813 275 327 52 -1
814 276 328 52 -1
815 275 327 52 -1
816 277 329 52 -1
817 280 332 52 -1
818 274 326 52 -1
819 280 332 52 -1
820 280 332 52 -1
821 277 329 52 -1
822 275 327 52 -1
823 272 324 52 -1
824 279 331 52 -1
825 274 325 51 -1
826 250 350 100 0
827 279 331 52 -1
828 278 329 51 -1
829 275 327 52 -1
830 280 331 51 -1
831 279 331 52 -1
832 273 325 52 -1
833 281 333 52 -1
834 279 331 52 -1
835 273 325 52 -1
836 271 323 52 -1
837 279 331 52 -1
838 275 327 52 -1
839 273 325 52 -1
840 279 331 52 -1
841 277 329 52 -1
842 276 328 52 -1
843 275 327 52 -1
844 278 330 52 -1
845 278 330 52 -1
846 272 323 51 -1
847 275 327 52 -1
848 274 326 52 -1
849 280 332 52 -1
850 276 328 52 -1
851 279 331 52 -1
852 278 330 52 -1
853 278 330 52 -1
854 273 325 52 -1
855 276 328 52 -1
856 276 328 52 -1
857 276 328 52 -1
858 274 326 52 -1
859 274 326 52 -1
860 278 330 52 -1
861 278 330 52 -1
862 280 332 52 -1
863 279 331 52 -1
864 272 324 52 -1
865 279 331 52 -1
866 274 325 51 -1
867 274 326 52 -1
868 250 350 100 0
869 279 331 52 -1
870 276 328 52 -1
871 280 332 52 -1
872 276 328 52 -1
873 276 328 52 -1
874 279 331 52 -1
875 274 326 52 -1
876 274 326 52 -1
877 280 332 52 -1
878 279 331 52 -1
879 274 326 52 -1
880 272 324 52 -1
881 275 327 52 -1
882 281 333 52 -1
883 275 327 52 -1
884 271 323 52 -1
885 279 331 52 -1
886 278 330 52 -1
887 276 328 52 -1
888 278 330 52 -1
889 279 331 52 -1
890 275 327 52 -1
891 275 327 52 -1
892 274 326 52 -1
893 272 323 51 -1
894 273 325 52 -1
895 277 329 52 -1
896 279 331 52 -1
897 281 333 52 -1
898 276 328 52 -1
899 273 325 52 -1
900 277 329 52 -1
901 279 331 52 -1
902 277 329 52 -1
903 277 329 52 -1
904 280 332 52 -1
905 272 324 52 -1
906 278 330 52 -1
907 277 329 52 -1
908 279 331 52 -1
909 279 331 52 -1
910 276 328 52 -1
911 250 350 100 0
912 273 325 52 -1
913 280 332 52 -1
914 279 331 52 -1
915 272 324 52 -1
916 276 328 52 -1
917 281 333 52 -1
918 279 331 52 -1
919 274 326 52 -1
920 281 333 52 -1
921 272 324 52 -1
922 278 330 52 -1
923 277 329 52 -1
924 275 327 52 -1
925 278 330 52 -1
926 280 332 52 -1
927 280 332 52 -1
928 272 324 52 -1
929 280 332 52 -1
930 277 329 52 -1
931 273 325 52 -1
932 275 327 52 -1
933 276 328 52 -1
934 280 332 52 -1
935 274 326 52 -1
936 272 324 52 -1
937 279 331 52 -1
938 279 331 52 -1
939 280 332 52 -1
940 280 332 52 -1
941 273 325 52 -1
942 277 329 52 -1
943 280 332 52 -1
944 274 326 52 -1
945 276 328 52 -1
946 277 329 52 -1
947 274 326 52 -1
948 272 324 52 -1
949 271 323 52 -1
950 274 326 52 -1
951 276 328 52 -1
952 279 331 52 -1
953 250 350 100 0
954 250 350 100 0
955 276 328 52 -1
956 276 328 52 -1
957 273 325 52 -1
958 272 324 52 -1
959 279 331 52 -1
960 275 327 52 -1
961 276 328 52 -1
962 276 328 52 -1
963 276 328 52 -1
964 275 327 52 -1
965 274 326 52 -1
966 275 326 51 -1
967 271 323 52 -1
968 274 326 52 -1
969 279 331 52 -1
970 279 331 52 -1
971 279 331 52 -1
972 277 329 52 -1
973 278 330 52 -1
974 278 330 52 -1
975 277 329 52 -1
976 277 329 52 -1
977 278 330 52 -1
978 272 324 52 -1
979 274 326 52 -1
980 279 331 52 -1
981 273 325 52 -1
982 272 324 52 -1
983 275 327 52 -1
984 275 326 51 -1
985 272 324 52 -1
986 275 327 52 -1
987 278 330 52 -1
988 272 324 52 -1
989 280 332 52 -1
990 274 326 52 -1
991 276 328 52 -1
992 274 326 52 -1
993 272 324 52 -1
994 279 331 52 -1
995 250 350 100 0
996 250 350 100 0
997 280 331 51 -1
998 272 324 52 -1
999 274 326 52 -1
1000 281 333 52 -1
1001 272 324 52 -1
1002 276 327 51 -1
1003 281 333 52 -1
1004 281 333 52 -1
1005 279 331 52 -1
1006 272 324 52 -1
1007 273 325 52 -1
1008 277 329 52 -1
1009 276 328 52 -1
1010 278 330 52 -1
1011 280 332 52 -1
1012 275 327 52 -1
1013 274 326 52 -1
1014 276 328 52 -1
1015 274 326 52 -1
1016 278 330 52 -1
1017 280 331 51 -1
1018 278 330 52 -1
1019 279 331 52 -1
1020 279 331 52 -1
1021 275 327 52 -1
1022 278 330 52 -1
1023 274 326 52 -1
1024 273 325 52 -1
1025 274 326 52 -1
1026 272 324 52 -1
1027 275 327 52 -1
1028 276 328 52 -1
1029 278 330 52 -1
1030 275 327 52 -1
1031 279 331 52 -1
1032 280 332 52 -1
1033 279 331 52 -1
1034 272 324 52 -1
1035 278 330 52 -1
1036 273 325 52 -1
1037 276 328 52 -1
1038 250 350 100 0
1039 250 350 100 0
1040 272 324 52 -1
1041 272 324 52 -1
1042 274 326 52 -1
1043 280 332 52 -1
1044 276 328 52 -1
1045 275 327 52 -1
1046 275 327 52 -1
1047 280 332 52 -1
1048 275 327 52 -1
1049 277 329 52 -1
1050 272 324 52 -1
1051 271 323 52 -1
1052 277 329 52 -1
1053 275 327 52 -1
1054 277 329 52 -1
1055 273 325 52 -1
1056 272 324 52 -1
1057 274 326 52 -1
1058 279 331 52 -1
1059 277 329 52 -1
1060 280 332 52 -1
1061 281 333 52 -1
1062 276 328 52 -1
1063 276 328 52 -1
1064 279 331 52 -1
1065 276 328 52 -1
1066 277 329 52 -1
1067 280 332 52 -1
1068 280 331 51 -1
1069 279 331 52 -1
1070 272 324 52 -1
1071 276 328 52 -1
1072 274 326 52 -1
1073 276 328 52 -1
1074 275 327 52 -1
1075 272 324 52 -1
1076 280 332 52 -1
1077 275 327 52 -1
1078 273 325 52 -1
1079 276 328 52 -1
1080 250 350 100 0
1081 250 350 100 0
1082 250 350 100 0
1083 280 332 52 -1
1084 274 326 52 -1
1085 276 328 52 -1
1086 275 327 52 -1
1087 272 324 52 -1
1088 280 332 52 -1
1089 273 325 52 -1
1090 281 333 52 -1
1091 272 324 52 -1
1092 275 326 51 -1
1093 275 326 51 -1
1094 278 330 52 -1
1095 280 332 52 -1
1096 277 329 52 -1
1097 278 330 52 -1
1098 278 330 52 -1
1099 280 332 52 -1
1100 279 331 52 -1
1101 274 326 52 -1
1102 277 329 52 -1
1103 278 330 52 -1
1104 274 326 52 -1
1105 271 323 52 -1
1106 280 332 52 -1
1107 275 327 52 -1
1108 276 328 52 -1
1109 278 330 52 -1
1110 276 328 52 -1
1111 272 324 52 -1
1112 274 325 51 -1
1113 276 328 52 -1
1114 274 326 52 -1
1115 275 327 52 -1
1116 278 330 52 -1
1117 278 330 52 -1
1118 281 333 52 -1
1119 280 332 52 -1
1120 273 325 52 -1
1121 274 326 52 -1
1122 250 350 100 0
1123 250 350 100 0
1124 250 350 100 0
1125 275 327 52 -1
1126 277 329 52 -1
1127 279 331 52 -1
1128 273 325 52 -1
1129 277 329 52 -1
1130 274 326 52 -1
1131 278 329 51 -1
1132 274 326 52 -1
1133 279 331 52 -1
1134 271 323 52 -1
1135 274 326 52 -1
1136 280 332 52 -1
1137 281 333 52 -1
1138 278 329 51 -1
1139 274 326 52 -1
1140 276 328 52 -1
1141 280 332 52 -1
1142 271 323 52 -1
1143 273 325 52 -1
1144 276 328 52 -1
1145 276 328 52 -1
1146 280 332 52 -1
1147 274 326 52 -1
1148 276 328 52 -1
1149 272 324 52 -1
1150 278 330 52 -1
1151 276 328 52 -1
1152 273 325 52 -1
1153 272 324 52 -1
1154 280 332 52 -1
1155 276 328 52 -1
1156 276 328 52 -1
1157 275 327 52 -1
1158 276 328 52 -1
1159 280 332 52 -1
1160 272 324 52 -1
1161 276 328 52 -1
1162 277 329 52 -1
1163 280 332 52 -1
1164 278 330 52 -1
1165 250 350 100 0
1166 250 350 100 0
1167 273 325 52 -1
1168 275 327 52 -1
1169 274 326 52 -1
1170 280 332 52 -1
1171 279 331 52 -1
1172 277 329 52 -1
1173 273 324 51 -1
1174 278 330 52 -1
1175 278 330 52 -1
1176 275 327 52 -1
1177 277 329 52 -1
1178 274 325 51 -1
1179 280 332 52 -1
1180 273 325 52 -1
1181 274 326 52 -1
1182 280 332 52 -1
1183 281 333 52 -1
1184 277 329 52 -1
1185 280 332 52 -1
1186 279 331 52 -1
1187 274 326 52 -1
1188 280 332 52 -1
1189 278 330 52 -1
1190 279 331 52 -1
1191 274 326 52 -1
1192 272 324 52 -1
1193 281 333 52 -1
1194 273 325 52 -1
1195 273 325 52 -1
1196 272 324 52 -1
1197 280 332 52 -1
1198 276 328 52 -1
1199 273 325 52 -1
1200 278 330 52 -1
1201 280 332 52 -1
1202 275 327 52 -1
1203 276 328 52 -1
1204 278 330 52 -1
1205 275 327 52 -1
1206 250 350 100 0
1207 250 350 100 0
1208 276 327 51 -1
1209 280 332 52 -1
1210 271 323 52 -1
1211 275 327 52 -1
1212 278 330 52 -1
1213 274 326 52 -1
1214 272 324 52 -1
1215 277 329 52 -1
1216 273 325 52 -1
1217 280 332 52 -1
1218 280 332 52 -1
1219 279 331 52 -1
1220 274 326 52 -1
1221 273 325 52 -1
1222 275 327 52 -1
1223 271 323 52 -1
1224 279 331 52 -1
1225 274 326 52 -1
1226 273 325 52 -1
1227 275 327 52 -1
1228 280 332 52 -1
1229 274 326 52 -1
1230 280 332 52 -1
1231 278 330 52 -1
1232 280 332 52 -1
1233 277 329 52 -1
1234 274 326 52 -1
1235 279 331 52 -1
1236 277 329 52 -1
1237 278 330 52 -1
1238 278 330 52 -1
1239 275 327 52 -1
1240 274 326 52 -1
1241 278 330 52 -1
1242 279 331 52 -1
1243 276 327 51 -1
1244 272 324 52 -1
1245 280 332 52 -1
1246 250 350 100 0
1247 250 350 100 0
1248 274 326 52 -1
1249 273 325 52 -1
1250 278 330 52 -1
1251 274 326 52 -1
1252 277 329 52 -1
1253 271 323 52 -1
1254 271 323 52 -1
1255 280 332 52 -1
1256 277 329 52 -1
1257 278 330 52 -1
1258 275 327 52 -1
1259 277 329 52 -1
1260 276 328 52 -1
1261 274 326 52 -1
1262 281 333 52 -1
1263 272 324 52 -1
1264 273 325 52 -1
1265 274 326 52 -1
1266 277 329 52 -1
1267 271 323 52 -1
1268 278 330 52 -1
1269 278 330 52 -1
1270 273 325 52 -1
1271 272 324 52 -1
1272 273 325 52 -1
1273 273 325 52 -1
1274 274 326 52 -1
1275 281 333 52 -1
1276 281 333 52 -1
1277 279 331 52 -1
1278 277 329 52 -1
1279 277 329 52 -1
1280 275 327 52 -1
1281 280 332 52 -1
1282 276 328 52 -1
1283 272 324 52 -1
1284 281 333 52 -1
1285 250 350 100 0
1286 250 350 100 0
1287 281 333 52 -1
1288 278 329 51 -1
1289 280 332 52 -1
1290 281 333 52 -1
1291 280 332 52 -1
1292 275 327 52 -1
1293 273 325 52 -1
1294 273 325 52 -1
1295 272 323 51 -1
1296 273 325 52 -1
1297 277 329 52 -1
1298 278 330 52 -1
1299 275 327 52 -1
1300 274 326 52 -1
1301 273 325 52 -1
1302 274 326 52 -1
1303 279 331 52 -1
1304 280 332 52 -1
1305 276 328 52 -1
1306 274 326 52 -1
1307 278 330 52 -1
1308 277 329 52 -1
1309 273 325 52 -1
1310 273 325 52 -1
1311 279 331 52 -1
1312 276 328 52 -1
1313 272 324 52 -1
1314 274 326 52 -1
1315 279 331 52 -1
1316 274 326 52 -1
1317 273 325 52 -1
1318 275 327 52 -1
1319 279 331 52 -1
1320 271 323 52 -1
1321 278 330 52 -1
1322 276 328 52 -1
1323 250 350 100 0
1324 250 350 100 0
1325 250 350 100 0
1326 275 327 52 -1
1327 281 333 52 -1
1328 274 326 52 -1
1329 272 324 52 -1
1330 279 331 52 -1
1331 277 329 52 -1
1332 281 333 52 -1
1333 274 325 51 -1
1334 273 325 52 -1
1335 275 327 52 -1
1336 280 332 52 -1
1337 279 331 52 -1
1338 275 327 52 -1
1339 279 331 52 -1
1340 272 324 52 -1
1341 279 331 52 -1
1342 276 328 52 -1
1343 275 327 52 -1
1344 281 333 52 -1
1345 272 324 52 -1
1346 274 326 52 -1
1347 280 332 52 -1
1348 280 332 52 -1
1349 273 325 52 -1
1350 272 324 52 -1
1351 280 332 52 -1
1352 273 325 52 -1
1353 274 326 52 -1
1354 278 330 52 -1
1355 279 331 52 -1
1356 274 326 52 -1
1357 273 325 52 -1
1358 277 329 52 -1
1359 272 324 52 -1
1360 280 332 52 -1
1361 250 350 100 0
1362 250 350 100 0
1363 250 350 100 0
1364 250 350 100 0
1365 280 332 52 -1
1366 277 329 52 -1
1367 275 327 52 -1
1368 278 330 52 -1
1369 276 328 52 -1
1370 280 332 52 -1
1371 281 333 52 -1
1372 273 325 52 -1
1373 276 328 52 -1
1374 277 329 52 -1
1375 274 326 52 -1
1376 274 326 52 -1
1377 273 325 52 -1
1378 280 332 52 -1
1379 279 331 52 -1
1380 278 330 52 -1
1381 277 329 52 -1
1382 278 330 52 -1
1383 273 325 52 -1
1384 277 329 52 -1
1385 281 333 52 -1
1386 278 330 52 -1
1387 280 332 52 -1
1388 277 329 52 -1
1389 278 330 52 -1
1390 273 325 52 -1
1391 275 327 52 -1
1392 280 332 52 -1
1393 277 329 52 -1
1394 276 328 52 -1
1395 278 330 52 -1
1396 272 324 52 -1
1397 272 324 52 -1
1398 274 326 52 -1
1399 250 350 100 0
1400 250 350 100 0
1401 250 350 100 0
1402 278 330 52 -1
1403 273 325 52 -1
1404 279 331 52 -1
1405 277 329 52 -1
1406 274 326 52 -1
1407 281 333 52 -1
1408 278 330 52 -1
1409 281 332 51 -1
1410 273 325 52 -1
1411 277 329 52 -1
1412 275 327 52 -1
1413 274 326 52 -1
1414 275 327 52 -1
1415 280 332 52 -1
1416 278 330 52 -1
1417 277 329 52 -1
1418 273 325 52 -1
1419 271 323 52 -1
1420 271 323 52 -1
1421 274 326 52 -1
1422 278 330 52 -1
1423 272 324 52 -1
1424 273 325 52 -1
1425 280 332 52 -1
1426 280 332 52 -1
1427 279 331 52 -1
1428 281 333 52 -1
1429 272 323 51 -1
1430 276 328 52 -1
1431 280 332 52 -1
1432 275 327 52 -1
1433 280 331 51 -1
1434 274 326 52 -1
1435 250 350 100 0
1436 250 350 100 0
1437 275 326 51 -1
1438 281 333 52 -1
1439 272 324 52 -1
1440 278 330 52 -1
1441 280 332 52 -1
1442 276 328 52 -1
1443 280 332 52 -1
1444 281 332 51 -1
1445 281 333 52 -1
1446 275 327 52 -1
1447 279 331 52 -1
1448 278 330 52 -1
1449 278 330 52 -1
1450 274 326 52 -1
1451 272 324 52 -1
1452 280 332 52 -1
1453 276 328 52 -1
1454 271 323 52 -1
1455 281 333 52 -1
1456 275 327 52 -1
1457 279 331 52 -1
1458 278 330 52 -1
1459 277 329 52 -1
1460 281 333 52 -1
1461 279 330 51 -1
1462 280 332 52 -1
1463 272 324 52 -1
1464 279 331 52 -1
1465 274 326 52 -1
1466 273 325 52 -1
1467 276 328 52 -1
1468 278 330 52 -1
1469 250 350 100 0
1470 250 350 100 0
1471 279 330 51 -1
1472 273 325 52 -1
1473 274 326 52 -1
1474 281 333 52 -1
1475 276 328 52 -1
1476 277 329 52 -1
1477 272 324 52 -1
1478 274 326 52 -1
1479 276 328 52 -1
1480 272 324 52 -1
1481 281 333 52 -1
1482 276 328 52 -1
1483 273 325 52 -1
1484 279 331 52 -1
1485 272 324 52 -1
1486 280 332 52 -1
1487 271 323 52 -1
1488 273 325 52 -1
1489 280 332 52 -1
1490 272 324 52 -1
1491 274 326 52 -1
1492 280 332 52 -1
1493 272 324 52 -1
1494 280 332 52 -1
1495 273 325 52 -1
1496 276 328 52 -1
1497 279 331 52 -1
1498 281 333 52 -1
1499 281 333 52 -1
1500 280 332 52 -1
1501 277 329 52 -1
1502 250 350 100 0
1503 250 350 100 0
1504 250 350 100 0
1505 281 332 51 -1
1506 278 330 52 -1
1507 276 328 52 -1
1508 280 332 52 -1
1509 272 324 52 -1
1510 280 332 52 -1
1511 272 324 52 -1
1512 281 333 52 -1
1513 273 325 52 -1
1514 276 328 52 -1
1515 273 325 52 -1
1516 275 327 52 -1
1517 273 325 52 -1
1518 280 332 52 -1
1519 274 326 52 -1
1520 276 328 52 -1
1521 274 326 52 -1
1522 271 323 52 -1
1523 280 332 52 -1
1524 271 323 52 -1
1525 273 325 52 -1
1526 278 330 52 -1
1527 275 327 52 -1
1528 276 328 52 -1
1529 279 331 52 -1
1530 275 327 52 -1
1531 272 324 52 -1
1532 275 327 52 -1
1533 250 350 100 0
1534 250 350 100 0
1535 250 350 100 0
1536 250 350 100 0
1537 279 331 52 -1
1538 275 327 52 -1
1539 279 331 52 -1
1540 279 331 52 -1
1541 279 331 52 -1
1542 272 324 52 -1
1543 272 324 52 -1
1544 280 332 52 -1
1545 280 332 52 -1
1546 272 324 52 -1
1547 278 330 52 -1
1548 272 324 52 -1
1549 278 330 52 -1
1550 278 330 52 -1
1551 277 329 52 -1
1552 274 326 52 -1
1553 275 327 52 -1
1554 277 329 52 -1
1555 274 326 52 -1
1556 281 333 52 -1
1557 281 333 52 -1
1558 275 327 52 -1
1559 275 327 52 -1
1560 274 326 52 -1
1561 272 324 52 -1
1562 277 329 52 -1
1563 272 324 52 -1
1564 250 350 100 0
1565 250 350 100 0
1566 250 350 100 0
1567 250 350 100 0
1568 281 333 52 -1
1569 281 333 52 -1
1570 272 324 52 -1
1571 273 325 52 -1
1572 275 327 52 -1
1573 272 324 52 -1
1574 273 325 52 -1
1575 276 328 52 -1
1576 276 328 52 -1
1577 280 332 52 -1
1578 274 326 52 -1
1579 275 327 52 -1
1580 278 330 52 -1
1581 279 331 52 -1
1582 274 326 52 -1
1583 272 324 52 -1
1584 281 333 52 -1
1585 281 333 52 -1
1586 277 329 52 -1
1587 273 325 52 -1
1588 272 324 52 -1
1589 278 330 52 -1
1590 272 324 52 -1
1591 277 329 52 -1
1592 250 350 100 0
1593 250 350 100 0
1594 250 350 100 0
1595 250 350 100 0
1596 281 333 52 -1
1597 276 327 51 -1
1598 281 333 52 -1
1599 276 328 52 -1
1600 280 332 52 -1
1601 273 325 52 -1
1602 278 330 52 -1
1603 275 327 52 -1
1604 279 331 52 -1
1605 274 326 52 -1
1606 280 332 52 -1
1607 277 329 52 -1
1608 276 328 52 -1
1609 278 330 52 -1
1610 278 330 52 -1
1611 275 327 52 -1
1612 274 326 52 -1
1613 274 326 52 -1
1614 281 333 52 -1
1615 276 328 52 -1
1616 279 331 52 -1
1617 280 332 52 -1
1618 275 332 57 -1
1619 250 350 100 0
1620 250 350 100 0
1621 250 350 100 0
1622 250 350 100 0
1623 272 328 56 -1
1624 272 324 52 -1
1625 280 332 52 -1
1626 275 327 52 -1
1627 279 331 52 -1
1628 278 330 52 -1
1629 277 329 52 -1
1630 272 324 52 -1
1631 279 331 52 -1
1632 275 327 52 -1
1633 281 333 52 -1
1634 272 324 52 -1
1635 277 329 52 -1
1636 279 331 52 -1
1637 279 331 52 -1
1638 279 331 52 -1
1639 273 325 52 -1
1640 279 331 52 -1
1641 274 326 52 -1
1642 280 332 52 -1
1643 250 350 100 0
1644 250 350 100 0
1645 250 350 100 0
1646 250 350 100 0
1647 250 350 100 0
1648 274 325 51 -1
1649 279 331 52 -1
1650 274 326 52 -1
1651 277 329 52 -1
1652 277 329 52 -1
1653 279 331 52 -1
1654 272 324 52 -1
1655 272 324 52 -1
1656 279 331 52 -1
1657 276 328 52 -1
1658 276 328 52 -1
1659 274 326 52 -1
1660 278 330 52 -1
1661 278 330 52 -1
1662 280 332 52 -1
1663 250 350 100 0
1664 250 350 100 0
1665 250 350 100 0
1666 250 350 100 0
1667 250 350 100 0
1668 250 350 100 0
1669 250 350 100 0
1670 279 331 52 -1
1671 272 324 52 -1
1672 279 331 52 -1
1673 279 331 52 -1
1674 279 331 52 -1
1675 272 324 52 -1
1676 274 326 52 -1
1677 280 332 52 -1
1678 273 325 52 -1
1679 274 326 52 -1
1680 250 350 100 0
1681 250 350 100 0
1682 250 350 100 0
1683 250 350 100 0
1684 250 350 100 0
1685 250 350 100 0
1686 250 350 100 0
1687 250 350 100 0
1688 273 324 51 -1
1689 280 332 52 -1
1690 272 325 53 -1
1691 281 333 52 -1
1692 250 350 100 0
1693 250 350 100 0
1694 250 350 100 0
1695 250 350 100 0
1696 250 350 100 0
1697 281 333 52 -1
1698 279 331 52 -1
1699 278 330 52 -1
1700 279 331 52 -1
1701 280 332 52 -1
1702 281 333 52 -1
1703 280 332 52 -1
1704 277 329 52 -1
1705 279 331 52 -1
1706 276 328 52 -1
