2.684243173026459885e+02
2.684243173026459885e+02
2.684243173026459885e+02
2.684243173026459885e+02
2.684243173026459885e+02
2.684243173026459885e+02
2.684243173026459885e+02
2.684243173026459885e+02
2.684243173026459885e+02
2.684243173026459885e+02
2.684243173026459885e+02
2.684243173026459885e+02
2.684243173026459885e+02
2.684243173026459885e+02
2.684243173026459885e+02
2.684243173026459885e+02
2.684243173026459885e+02
2.684243173026459885e+02
2.684243173026459885e+02
2.684243173026459885e+02
2.684243173026459885e+02
2.684243173026459885e+02
2.684243173026459885e+02
2.684243173026459885e+02
2.684243173026459885e+02
2.684243173026459885e+02
2.684243173026459885e+02
2.684243173026459885e+02
2.684243173026459885e+02
2.684243173026459885e+02
2.684243173026459885e+02
2.684243173026459885e+02
2.684243173026459885e+02
2.684243173026459885e+02
2.684243173026459885e+02
2.684243173026459885e+02
2.684243173026459885e+02
2.684243173026459885e+02
2.684243173026459885e+02
2.684243173026459885e+02
2.684243173026459885e+02
2.684243173026459885e+02
2.684243173026459885e+02
2.684243173026459885e+02
2.684243173026459885e+02
2.684243173026459885e+02
2.684243173026459885e+02
2.684243173026459885e+02
2.684243173026459885e+02
2.684243173026459885e+02
2.684243173026459885e+02
2.684243173026459885e+02
2.684243173026459885e+02
2.684243173026459885e+02
2.684243173026459885e+02
2.684243173026459885e+02
2.684243173026459885e+02
2.684243173026459885e+02
2.684243173026459885e+02
2.684243173026459885e+02
2.684243173026459885e+02
2.684243173026459885e+02
2.684243173026459885e+02
2.684243173026459885e+02
2.684243173026459885e+02
2.684243173026459885e+02
2.684243173026459885e+02
2.684243173026459885e+02
2.684243173026459885e+02
2.684243173026459885e+02
2.585742864659676457e+02
2.488559796672240907e+02
2.393864849401351194e+02
2.305463383942900748e+02
2.218379158863797898e+02
2.139491096145081315e+02
2.057236752456920499e+02
1.984495811508493546e+02
1.914682071403061627e+02
1.844721971255480071e+02
1.774908231150048152e+02
1.716364214290147174e+02
1.657527477345946636e+02
1.601617941244741132e+02
1.540585803668294318e+02
1.481895426766243702e+02
1.432572092561777026e+02
1.378565237008518238e+02
1.337877145290887313e+02
1.294408212772410707e+02
1.254159201181228838e+02
1.215959230180143464e+02
1.181271900190652104e+02
1.141461968725919434e+02
1.107067358820727634e+02
1.075746309800680507e+02
1.043400740485585203e+02
1.013104211760586537e+02
9.835394832463364878e+01
9.551456350692845376e+01
9.280690272715803246e+01
9.009924194738761116e+01
8.759648522662683945e+01
8.528399656066075352e+01
8.279587584411495982e+01
8.074683525401843553e+01
7.841971058383737159e+01
7.639994200217077491e+01
7.454116946686892220e+01
7.244822086412746387e+01
7.050163230353575727e+01
6.862822376401892654e+01
6.690117526665184755e+01
6.514485476085481253e+01
6.363734632671236824e+01
6.170539377033563255e+01
5.993443726032363372e+01
5.825129677560147456e+01
5.677306034988897920e+01
5.542654796211125756e+01
5.424103162069825856e+01
5.321651132564998932e+01
5.207490299688192437e+01
5.105038270183365512e+01
4.965996230141100654e+01
4.840126593892313878e+01
4.708402555957536606e+01
4.600096124766719896e+01
4.515207300319863037e+01
4.417146072079528807e+01
4.314694042574702593e+01
4.213705613491373470e+01
4.125889588201521718e+01
4.045391565019157554e+01
3.951721138043316017e+01
3.881468317811435043e+01
3.798043093786075985e+01
3.723399472289702317e+01
3.650219451214826449e+01
3.582893831825940367e+01
3.519959013701546269e+01
3.437997390097685013e+01
3.366280969444306237e+01
3.288710147104937676e+01
3.221384527716051593e+01
3.177476515071125718e+01
3.124786899897214809e+01
3.055997680086831281e+01
2.990135661119442645e+01
2.928664443416546703e+01
2.870120426556645654e+01
2.811576409696744605e+01
2.741323589464863630e+01
2.701806378084430449e+01
2.669607168811484854e+01
2.619844754480568838e+01
2.570082340149653177e+01
2.524710727083229855e+01
2.463239509380333914e+01
2.426649498842895625e+01
2.388595887883960245e+01
2.346151475660531815e+01
2.299316262172611047e+01
2.272971454585655593e+01
2.229063441940729717e+01
2.183691828874306751e+01
2.145638217915371015e+01
2.113439008642425421e+01
2.073921797261992239e+01
2.046113389253539339e+01
2.025622983352574025e+01
2.003668977030111265e+01
1.970006167335667868e+01
1.934879757219727381e+01
1.912925750897264621e+01
1.882190142045816472e+01
1.847063731929875985e+01
1.810473721392437696e+01
1.781201712962487349e+01
1.769492909590507068e+01
1.741684501582054168e+01
1.713876093573601267e+01
1.677286083036162978e+01
1.649477675027710077e+01
1.620205666597759731e+01
1.593860859010804276e+01
1.570443252266843892e+01
1.545562045101385884e+01
1.517753637092932983e+01
1.501654032456460186e+01
1.476772825291002356e+01
1.448964417282549277e+01
1.431401212224579034e+01
1.413838007166608790e+01
1.390420400422648406e+01
1.365539193257190398e+01
1.346512387777722530e+01
1.330412783141249733e+01
1.324558381455259770e+01
1.306995176397289349e+01
1.299677174289801762e+01
1.283577569653328965e+01
1.273332366702846308e+01
1.252841960801880994e+01
1.236742356165408196e+01
1.223569952371930469e+01
1.204543146892462779e+01
1.194297943941980122e+01
1.185516341412994912e+01
1.172343937619517185e+01
1.159171533826039457e+01
1.147462730454059177e+01
1.137217527503576520e+01
1.129899525396088933e+01
1.112336320338118689e+01
1.102091117387636032e+01
1.085991512751163235e+01
1.072819108957685508e+01
1.059646705164207781e+01
1.049401502213725124e+01
1.033301897577252326e+01
1.014275092097784459e+01
1.009884290833291942e+01
1.001102688304306731e+01
9.923210857753216985e+00
9.791486819818439713e+00
9.689034790313613144e+00
9.528038743948885170e+00
9.454858722874009302e+00
9.440222718659033063e+00
9.308498680724255792e+00
9.206046651219429222e+00
9.045050604854701248e+00
8.942598575349874679e+00
8.927962571134900216e+00
8.825510541630073647e+00
8.752330520555196003e+00
8.664514495265345673e+00
8.576698469975493566e+00
8.562062465760519103e+00
8.518154453115592162e+00
8.444974432040716295e+00
8.386430415180814890e+00
8.313250394105939023e+00
8.240070373031063156e+00
8.137618343526236586e+00
8.035166314021410017e+00
7.947350288731557910e+00
7.859534263441706692e+00
7.771718238151855473e+00
7.727810225506929420e+00
7.654630204432053553e+00
7.566814179142202335e+00
7.493634158067325579e+00
7.435090141207425063e+00
7.391182128562499010e+00
7.332638111702597605e+00
7.244822086412746387e+00
7.215550077982795685e+00
7.157006061122895169e+00
7.069190035833043950e+00
7.010646018973142546e+00
6.908193989468315976e+00
6.820377964178464758e+00
6.761833947318563354e+00
6.674017922028712135e+00
6.615473905168810731e+00
6.556929888308910215e+00
6.556929888308910215e+00
6.439841854589108294e+00
6.381297837729206890e+00
6.322753820869306374e+00
6.220301791364478916e+00
6.161757774504578400e+00
6.132485766074627698e+00
6.117849761859652347e+00
6.015397732354825777e+00
5.942217711279949910e+00
5.883673694420048506e+00
5.883673694420048506e+00
5.854401685990097803e+00
5.825129677560147989e+00
5.795857669130197287e+00
5.751949656485271234e+00
5.737313652270295883e+00
5.708041643840346069e+00
5.634861622765469313e+00
5.605589614335518611e+00
5.547045597475618095e+00
5.459229572185766877e+00
5.415321559540840823e+00
5.400685555325865472e+00
5.356777542680939419e+00
5.356777542680939419e+00
5.283597521606063552e+00
5.283597521606063552e+00
5.239689508961137498e+00
5.151873483671286280e+00
5.078693462596410413e+00
5.049421454166459711e+00
5.020149445736509008e+00
4.990877437306558306e+00
4.961605428876608492e+00
4.844517395156806572e+00
4.844517395156806572e+00
4.800609382511880519e+00
4.785973378296905167e+00
4.727429361437004651e+00
4.683521348792078598e+00
4.595705323502227380e+00
4.537161306642325975e+00
4.507889298212375273e+00
4.478617289782425459e+00
4.390801264492573353e+00
4.346893251847648187e+00
4.317621243417697485e+00
4.288349234987746783e+00
4.229805218127846267e+00
4.171261201267944863e+00
4.141989192837994160e+00
4.127353188623018809e+00
4.068809171763118293e+00
4.054173167548142942e+00
4.054173167548142942e+00
4.024901159118192240e+00
3.980993146473266631e+00
3.937085133828341021e+00
3.878541116968440061e+00
3.834633104323514452e+00
3.790725091678588399e+00
3.746817079033662790e+00
3.717545070603712531e+00
3.688273062173761829e+00
3.644365049528836220e+00
3.629729045313860869e+00
3.600457036883910611e+00
3.585821032668935260e+00
3.571185028453959909e+00
3.571185028453959909e+00
3.527277015809034300e+00
3.468732998949133339e+00
3.454096994734157988e+00
3.395552977874257028e+00
3.366280969444306326e+00
3.351644965229331419e+00
3.351644965229331419e+00
3.337008961014356068e+00
3.293100948369430458e+00
3.278464944154455107e+00
3.263828939939479756e+00
3.219920927294554147e+00
3.205284923079578796e+00
3.190648918864603445e+00
3.161376910434653187e+00
3.102832893574752227e+00
3.073560885144801524e+00
3.058924880929826173e+00
3.015016868284900564e+00
2.985744859854950306e+00
2.927200842995048902e+00
2.927200842995048902e+00
2.912564838780073995e+00
2.912564838780073995e+00
2.897928834565098644e+00
2.883292830350123293e+00
2.868656826135147941e+00
2.854020821920173034e+00
2.854020821920173034e+00
2.854020821920173034e+00
2.854020821920173034e+00
2.839384817705197683e+00
2.839384817705197683e+00
2.839384817705197683e+00
2.824748813490222332e+00
2.810112809275246981e+00
2.810112809275246981e+00
2.766204796630321372e+00
2.766204796630321372e+00
2.707660779770420412e+00
2.663752767125494803e+00
2.663752767125494803e+00
2.605208750265593842e+00
2.605208750265593842e+00
2.605208750265593842e+00
2.605208750265593842e+00
2.590572746050618491e+00
2.575936741835643140e+00
2.575936741835643140e+00
2.575936741835643140e+00
2.575936741835643140e+00
2.575936741835643140e+00
2.561300737620667789e+00
2.561300737620667789e+00
2.532028729190717531e+00
2.532028729190717531e+00
2.532028729190717531e+00
2.517392724975742180e+00
2.488120716545791922e+00
2.473484712330816571e+00
2.429576699685890961e+00
2.414940695470915610e+00
2.414940695470915610e+00
2.414940695470915610e+00
2.414940695470915610e+00
2.414940695470915610e+00
2.385668687040964908e+00
2.385668687040964908e+00
2.356396678611014650e+00
2.341760674396039299e+00
2.341760674396039299e+00
2.341760674396039299e+00
2.341760674396039299e+00
2.341760674396039299e+00
2.312488665966088597e+00
2.297852661751113690e+00
2.283216657536138339e+00
2.283216657536138339e+00
2.268580653321162988e+00
2.239308644891212730e+00
2.224672640676237378e+00
2.224672640676237378e+00
2.224672640676237378e+00
2.210036636461262027e+00
2.180764628031311769e+00
2.151492619601361067e+00
2.136856615386385716e+00
2.136856615386385716e+00
2.107584606956435458e+00
2.092948602741460107e+00
2.092948602741460107e+00
2.078312598526484756e+00
2.078312598526484756e+00
2.078312598526484756e+00
2.063676594311509405e+00
2.034404585881559147e+00
2.019768581666583795e+00
2.019768581666583795e+00
2.019768581666583795e+00
2.019768581666583795e+00
1.975860569021658186e+00
1.975860569021658186e+00
1.961224564806682835e+00
1.931952556376732355e+00
1.931952556376732355e+00
1.931952556376732355e+00
1.917316552161757226e+00
1.917316552161757226e+00
1.902680547946781875e+00
1.902680547946781875e+00
1.902680547946781875e+00
1.888044543731806746e+00
1.888044543731806746e+00
1.888044543731806746e+00
1.873408539516831395e+00
1.858772535301856266e+00
1.829500526871905786e+00
1.829500526871905786e+00
1.829500526871905786e+00
1.829500526871905786e+00
1.800228518441955305e+00
1.800228518441955305e+00
1.800228518441955305e+00
1.800228518441955305e+00
1.785592514226979954e+00
1.770956510012004603e+00
1.756320505797029474e+00
1.756320505797029474e+00
1.756320505797029474e+00
1.741684501582054123e+00
1.727048497367078994e+00
1.727048497367078994e+00
1.697776488937128514e+00
1.697776488937128514e+00
1.683140484722153163e+00
1.683140484722153163e+00
1.683140484722153163e+00
1.668504480507178034e+00
1.639232472077227554e+00
1.639232472077227554e+00
1.609960463647277074e+00
1.609960463647277074e+00
1.580688455217326593e+00
1.580688455217326593e+00
1.580688455217326593e+00
1.580688455217326593e+00
1.580688455217326593e+00
1.580688455217326593e+00
1.566052451002351242e+00
1.566052451002351242e+00
1.536780442572400762e+00
1.536780442572400762e+00
1.536780442572400762e+00
1.492872429927475153e+00
1.478236425712499802e+00
1.463600421497524451e+00
1.448964417282549322e+00
1.448964417282549322e+00
1.448964417282549322e+00
1.434328413067573971e+00
1.419692408852598842e+00
1.390420400422648362e+00
1.390420400422648362e+00
1.390420400422648362e+00
1.375784396207673010e+00
1.375784396207673010e+00
1.361148391992697881e+00
1.361148391992697881e+00
1.346512387777722530e+00
1.331876383562747401e+00
1.317240379347772050e+00
1.287968370917821570e+00
1.273332366702846441e+00
1.244060358272895961e+00
1.244060358272895961e+00
1.229424354057920610e+00
1.229424354057920610e+00
1.229424354057920610e+00
1.214788349842945481e+00
1.214788349842945481e+00
1.200152345627970130e+00
1.200152345627970130e+00
1.200152345627970130e+00
1.200152345627970130e+00
1.185516341412994779e+00
1.185516341412994779e+00
1.185516341412994779e+00
1.170880337198019649e+00
1.156244332983044298e+00
1.156244332983044298e+00
1.156244332983044298e+00
1.156244332983044298e+00
1.156244332983044298e+00
1.156244332983044298e+00
1.156244332983044298e+00
1.156244332983044298e+00
1.156244332983044298e+00
1.156244332983044298e+00
1.156244332983044298e+00
1.141608328768069169e+00
1.141608328768069169e+00
1.126972324553093818e+00
1.126972324553093818e+00
1.126972324553093818e+00
1.126972324553093818e+00
1.126972324553093818e+00
1.126972324553093818e+00
1.126972324553093818e+00
1.112336320338118689e+00
1.083064311908168209e+00
1.083064311908168209e+00
1.068428307693192858e+00
1.068428307693192858e+00
1.068428307693192858e+00
1.068428307693192858e+00
1.068428307693192858e+00
1.068428307693192858e+00
1.068428307693192858e+00
1.068428307693192858e+00
1.068428307693192858e+00
1.068428307693192858e+00
1.068428307693192858e+00
1.068428307693192858e+00
1.024520295048267249e+00
1.024520295048267249e+00
1.024520295048267249e+00
1.024520295048267249e+00
1.024520295048267249e+00
1.024520295048267249e+00
1.024520295048267249e+00
1.009884290833291898e+00
1.009884290833291898e+00
9.952482866183166577e-01
9.952482866183166577e-01
9.952482866183166577e-01
9.952482866183166577e-01
9.806122824033414176e-01
9.806122824033414176e-01
9.659762781883661775e-01
9.513402739733909375e-01
9.513402739733909375e-01
9.513402739733909375e-01
9.513402739733909375e-01
9.513402739733909375e-01
9.513402739733909375e-01
9.513402739733909375e-01
9.513402739733909375e-01
9.513402739733909375e-01
9.513402739733909375e-01
9.513402739733909375e-01
9.513402739733909375e-01
9.513402739733909375e-01
9.367042697584156974e-01
9.367042697584156974e-01
9.367042697584156974e-01
9.367042697584156974e-01
9.367042697584156974e-01
9.367042697584156974e-01
9.367042697584156974e-01
9.220682655434404573e-01
9.220682655434404573e-01
9.220682655434404573e-01
9.074322613284652173e-01
9.074322613284652173e-01
9.074322613284652173e-01
9.074322613284652173e-01
9.074322613284652173e-01
9.074322613284652173e-01
9.074322613284652173e-01
9.074322613284652173e-01
9.074322613284652173e-01
9.074322613284652173e-01
9.074322613284652173e-01
9.074322613284652173e-01
9.074322613284652173e-01
8.927962571134899772e-01
8.927962571134899772e-01
8.927962571134899772e-01
8.927962571134899772e-01
8.781602528985147371e-01
8.781602528985147371e-01
8.781602528985147371e-01
8.781602528985147371e-01
8.781602528985147371e-01
8.635242486835394971e-01
8.635242486835394971e-01
8.635242486835394971e-01
8.635242486835394971e-01
8.635242486835394971e-01
8.635242486835394971e-01
8.635242486835394971e-01
8.635242486835394971e-01
8.635242486835394971e-01
8.488882444685642570e-01
8.488882444685642570e-01
8.488882444685642570e-01
8.488882444685642570e-01
8.488882444685642570e-01
8.488882444685642570e-01
8.488882444685642570e-01
8.488882444685642570e-01
8.488882444685642570e-01
8.488882444685642570e-01
8.342522402535890169e-01
8.342522402535890169e-01
8.196162360386137768e-01
8.196162360386137768e-01
8.196162360386137768e-01
8.196162360386137768e-01
8.196162360386137768e-01
8.196162360386137768e-01
8.196162360386137768e-01
8.196162360386137768e-01
8.196162360386137768e-01
8.196162360386137768e-01
8.049802318236385368e-01
8.049802318236385368e-01
8.049802318236385368e-01
8.049802318236385368e-01
8.049802318236385368e-01
7.903442276086632967e-01
7.903442276086632967e-01
7.903442276086632967e-01
7.757082233936880566e-01
7.610722191787128166e-01
7.610722191787128166e-01
7.318002107487622254e-01
7.171642065337869854e-01
7.171642065337869854e-01
7.025282023188117453e-01
7.025282023188117453e-01
7.025282023188117453e-01
6.878921981038365052e-01
6.878921981038365052e-01
6.878921981038365052e-01
6.878921981038365052e-01
6.878921981038365052e-01
6.878921981038365052e-01
6.878921981038365052e-01
6.878921981038365052e-01
6.732561938888612652e-01
6.732561938888612652e-01
6.732561938888612652e-01
6.586201896738860251e-01
6.586201896738860251e-01
6.586201896738860251e-01
6.586201896738860251e-01
6.586201896738860251e-01
6.586201896738860251e-01
6.586201896738860251e-01
6.586201896738860251e-01
6.586201896738860251e-01
6.439841854589107850e-01
6.439841854589107850e-01
6.439841854589107850e-01
6.439841854589107850e-01
6.293481812439355449e-01
6.147121770289603049e-01
6.147121770289603049e-01
6.147121770289603049e-01
6.147121770289603049e-01
6.147121770289603049e-01
6.147121770289603049e-01
6.147121770289603049e-01
6.000761728139850648e-01
5.854401685990098247e-01
5.854401685990098247e-01
5.854401685990098247e-01
5.708041643840345847e-01
5.708041643840345847e-01
5.708041643840345847e-01
5.708041643840345847e-01
5.561681601690593446e-01
5.561681601690593446e-01
5.561681601690593446e-01
5.561681601690593446e-01
5.415321559540841045e-01
5.415321559540841045e-01
5.268961517391088645e-01
5.268961517391088645e-01
5.268961517391088645e-01
5.268961517391088645e-01
5.268961517391088645e-01
5.268961517391088645e-01
5.268961517391088645e-01
5.268961517391088645e-01
5.268961517391088645e-01
5.122601475241336244e-01
5.122601475241336244e-01
4.829881390941830888e-01
4.683521348792078487e-01
4.683521348792078487e-01
4.683521348792078487e-01
4.683521348792078487e-01
4.683521348792078487e-01
4.683521348792078487e-01
4.683521348792078487e-01
4.683521348792078487e-01
4.683521348792078487e-01
4.683521348792078487e-01
4.683521348792078487e-01
4.683521348792078487e-01
4.683521348792078487e-01
4.683521348792078487e-01
4.390801264492573686e-01
4.390801264492573686e-01
4.390801264492573686e-01
4.390801264492573686e-01
4.390801264492573686e-01
4.390801264492573686e-01
4.390801264492573686e-01
4.390801264492573686e-01
4.390801264492573686e-01
4.390801264492573686e-01
4.390801264492573686e-01
4.390801264492573686e-01
4.390801264492573686e-01
4.390801264492573686e-01
4.390801264492573686e-01
4.390801264492573686e-01
4.390801264492573686e-01
4.390801264492573686e-01
4.244441222342821285e-01
4.244441222342821285e-01
4.244441222342821285e-01
4.244441222342821285e-01
4.244441222342821285e-01
4.098081180193068884e-01
4.098081180193068884e-01
4.098081180193068884e-01
4.098081180193068884e-01
3.951721138043316484e-01
3.951721138043316484e-01
3.951721138043316484e-01
3.951721138043316484e-01
3.951721138043316484e-01
3.951721138043316484e-01
3.951721138043316484e-01
3.951721138043316484e-01
3.951721138043316484e-01
3.951721138043316484e-01
3.951721138043316484e-01
3.951721138043316484e-01
3.951721138043316484e-01
3.951721138043316484e-01
3.951721138043316484e-01
3.951721138043316484e-01
3.951721138043316484e-01
3.951721138043316484e-01
3.951721138043316484e-01
3.805361095893564083e-01
3.805361095893564083e-01
3.805361095893564083e-01
3.805361095893564083e-01
3.805361095893564083e-01
3.805361095893564083e-01
3.805361095893564083e-01
3.805361095893564083e-01
3.805361095893564083e-01
3.805361095893564083e-01
3.805361095893564083e-01
3.805361095893564083e-01
3.659001053743811127e-01
3.659001053743811127e-01
3.659001053743811127e-01
3.659001053743811127e-01
3.659001053743811127e-01
3.512641011594058726e-01
3.512641011594058726e-01
3.512641011594058726e-01
3.512641011594058726e-01
3.512641011594058726e-01
3.512641011594058726e-01
3.512641011594058726e-01
3.512641011594058726e-01
3.512641011594058726e-01
3.512641011594058726e-01
3.512641011594058726e-01
3.512641011594058726e-01
3.512641011594058726e-01
3.512641011594058726e-01
3.512641011594058726e-01
3.512641011594058726e-01
3.512641011594058726e-01
3.512641011594058726e-01
3.512641011594058726e-01
3.512641011594058726e-01
3.512641011594058726e-01
3.512641011594058726e-01
3.512641011594058726e-01
3.512641011594058726e-01
3.512641011594058726e-01
3.512641011594058726e-01
3.366280969444306326e-01
3.366280969444306326e-01
3.366280969444306326e-01
3.366280969444306326e-01
3.366280969444306326e-01
3.366280969444306326e-01
3.219920927294553925e-01
3.219920927294553925e-01
3.219920927294553925e-01
3.219920927294553925e-01
3.219920927294553925e-01
3.219920927294553925e-01
3.219920927294553925e-01
3.219920927294553925e-01
3.219920927294553925e-01
3.219920927294553925e-01
3.219920927294553925e-01
3.219920927294553925e-01
3.219920927294553925e-01
3.219920927294553925e-01
3.219920927294553925e-01
3.219920927294553925e-01
3.219920927294553925e-01
3.219920927294553925e-01
3.219920927294553925e-01
3.219920927294553925e-01
3.219920927294553925e-01
3.219920927294553925e-01
3.073560885144801524e-01
3.073560885144801524e-01
3.073560885144801524e-01
3.073560885144801524e-01
3.073560885144801524e-01
3.073560885144801524e-01
3.073560885144801524e-01
3.073560885144801524e-01
3.073560885144801524e-01
3.073560885144801524e-01
3.073560885144801524e-01
3.073560885144801524e-01
3.073560885144801524e-01
3.073560885144801524e-01
3.073560885144801524e-01
3.073560885144801524e-01
3.073560885144801524e-01
3.073560885144801524e-01
3.073560885144801524e-01
3.073560885144801524e-01
3.073560885144801524e-01
3.073560885144801524e-01
3.073560885144801524e-01
3.073560885144801524e-01
3.073560885144801524e-01
3.073560885144801524e-01
3.073560885144801524e-01
3.073560885144801524e-01
3.073560885144801524e-01
3.073560885144801524e-01
3.073560885144801524e-01
3.073560885144801524e-01
3.073560885144801524e-01
3.073560885144801524e-01
3.073560885144801524e-01
3.073560885144801524e-01
3.073560885144801524e-01
3.073560885144801524e-01
3.073560885144801524e-01
3.073560885144801524e-01
3.073560885144801524e-01
2.927200842995049124e-01
2.927200842995049124e-01
2.927200842995049124e-01
2.927200842995049124e-01
2.927200842995049124e-01
2.927200842995049124e-01
2.927200842995049124e-01
2.927200842995049124e-01
2.927200842995049124e-01
2.927200842995049124e-01
2.927200842995049124e-01
2.927200842995049124e-01
2.927200842995049124e-01
2.927200842995049124e-01
2.927200842995049124e-01
2.927200842995049124e-01
2.927200842995049124e-01
2.927200842995049124e-01
2.927200842995049124e-01
2.927200842995049124e-01
2.927200842995049124e-01
2.927200842995049124e-01
2.927200842995049124e-01
2.927200842995049124e-01
2.927200842995049124e-01
2.927200842995049124e-01
2.927200842995049124e-01
2.927200842995049124e-01
2.927200842995049124e-01
2.927200842995049124e-01
2.927200842995049124e-01
2.927200842995049124e-01
2.927200842995049124e-01
2.780840800845296723e-01
2.634480758695544322e-01
2.634480758695544322e-01
2.634480758695544322e-01
2.634480758695544322e-01
2.634480758695544322e-01
2.634480758695544322e-01
2.634480758695544322e-01
2.634480758695544322e-01
2.634480758695544322e-01
2.634480758695544322e-01
2.634480758695544322e-01
2.634480758695544322e-01
2.634480758695544322e-01
2.634480758695544322e-01
2.634480758695544322e-01
2.634480758695544322e-01
2.634480758695544322e-01
2.634480758695544322e-01
2.488120716545791644e-01
2.488120716545791644e-01
2.488120716545791644e-01
2.341760674396039243e-01
2.341760674396039243e-01
2.341760674396039243e-01
2.341760674396039243e-01
2.341760674396039243e-01
2.341760674396039243e-01
2.341760674396039243e-01
2.341760674396039243e-01
2.341760674396039243e-01
2.341760674396039243e-01
2.341760674396039243e-01
2.341760674396039243e-01
2.341760674396039243e-01
2.341760674396039243e-01
2.341760674396039243e-01
2.341760674396039243e-01
2.341760674396039243e-01
2.341760674396039243e-01
2.341760674396039243e-01
2.341760674396039243e-01
2.341760674396039243e-01
2.341760674396039243e-01
2.341760674396039243e-01
2.341760674396039243e-01
2.341760674396039243e-01
2.341760674396039243e-01
2.341760674396039243e-01
2.341760674396039243e-01
2.341760674396039243e-01
2.341760674396039243e-01
2.341760674396039243e-01
2.341760674396039243e-01
2.341760674396039243e-01
2.341760674396039243e-01
2.341760674396039243e-01
2.341760674396039243e-01
2.195400632246286843e-01
2.195400632246286843e-01
2.195400632246286843e-01
2.195400632246286843e-01
2.195400632246286843e-01
2.195400632246286843e-01
2.195400632246286843e-01
2.195400632246286843e-01
