4 0.01 4003436 4004999 68.32465919740727
6 0.01 3974318 4004998 68.32465919740727
2 0.01 4004992 4004999 68.32465919740727
7 0.01 3926832 4004998 68.32465919740727
2 0.02 494869 4004998 68.32465919740727
4 0.03 193976 3982698 68.32465919740727
3 0.02 351742 4004977 68.32465919740727
3 0.01 4004856 4004999 68.32465919740727
5 0.01 3996358 4004998 68.32465919740727
5 0.02 221571 4002689 68.32465919740727
7 0.02 150025 3976413 68.32465919740727
6 0.03 143896 3741745 68.32465919740727
2 0.04 231249 3538296 68.32465919740727
3 0.04 200967 2893445 68.32465919740727
4 0.04 175139 2193015 68.32465919740727
5 0.04 151647 1602816 68.32465919740727
3 0.05 186785 1021225 68.32465919740727
5 0.05 139554 451844 68.32465919740727
2 0.11 168559 186343 68.32465919740727
6 0.04 125901 1161770 68.32465919740727
3 0.15000000000000002 131908 86306 68.32465919740727
7 0.04 88453 845968 68.32465919740727
6 0.09999999999999999 42711 4762 68.32465919740727
2 0.09999999999999999 173982 193471 68.32465919740727
2 0.2 137624 134948 68.32465919740727
5 0.15000000000000002 49147 5116 68.32465919740727
4 0.2 69094 9310 68.32465919740727
7 0.05 63973 191421 68.32465919740727
2 0.13 160394 173881 68.32465919740727
4 0.09999999999999999 129264 60259 68.32465919740727
3 0.25 95991 27722 68.32465919740727
5 0.09 105722 24065 68.32465919740727
2 0.08 187263 234684 68.32465919740727
2 0.24000000000000002 128316 114854 68.32465919740727
3 0.18000000000000002 122174 63207 68.32465919740727
5 0.25 11466 951 68.32465919740727
5 0.08 113453 35704 68.32465919740727
5 0.18000000000000002 31782 2765 68.32465919740727
2 0.21000000000000002 135513 130209 68.32465919740727
2 0.23 130696 120100 68.32465919740727
6 0.2 5898 614 68.32465919740727
4 0.13 113494 35606 68.32465919740727
2 0.06999999999999999 195524 314559 68.32465919740727
2 0.17 146161 151480 68.32465919740727
2 0.19 140312 140616 68.32465919740727
2 0.14 156437 167911 68.32465919740727
4 0.06999999999999999 148047 127245 68.32465919740727
3 0.12 143546 111365 68.32465919740727
6 0.23 3964 359 68.32465919740727
3 0.09 158575 141257 68.32465919740727
6 0.13 22202 2214 68.32465919740727
4 0.19 75313 11397 68.32465919740727
6 0.11 33894 3603 68.32465919740727
4 0.09 136347 71772 68.32465919740727
3 0.08 163698 162021 68.32465919740727
3 0.16 128285 78085 68.32465919740727
5 0.14 57376 6409 68.32465919740727
3 0.19 118039 57074 68.32465919740727
6 0.09 56412 6615 68.32465919740727
4 0.17 88595 16704 68.32465919740727
3 0.14 135618 94320 68.32465919740727
4 0.23 52790 5510 68.32465919740727
4 0.24000000000000002 47476 4608 68.32465919740727
3 0.22 107184 39865 68.32465919740727
7 0.09 18887 2222 68.32465919740727
3 0.24000000000000002 100033 31325 68.32465919740727
6 0.17 9681 1071 68.32465919740727
6 0.19 6837 749 68.32465919740727
5 0.24000000000000002 13053 1077 68.32465919740727
4 0.14 107623 29510 68.32465919740727
6 0.06999999999999999 81668 23376 68.32465919740727
5 0.12 75708 10532 68.32465919740727
5 0.19 26257 2319 68.32465919740727
6 0.24000000000000002 3518 299 68.32465919740727
4 0.21000000000000002 64141 7788 68.32465919740727
6 0.14 17705 1799 68.32465919740727
7 0.13 6169 816 68.32465919740727
5 0.16 42149 4140 68.32465919740727
5 0.22 16709 1413 68.32465919740727
7 0.11 9592 1289 68.32465919740727
4 0.11 123738 50790 68.32465919740727
5 0.060000000000000005 133942 157828 68.32465919740727
7 0.060000000000000005 52923 44617 68.32465919740727
4 0.25 42919 3947 68.32465919740727
4 0.05 162676 669287 68.32465919740727
6 0.05 109184 297778 68.32465919740727
2 0.060000000000000005 207580 637305 68.32465919740727
3 0.09999999999999999 151958 130272 68.32465919740727
2 0.15000000000000002 152697 162454 68.32465919740727
4 0.15000000000000002 101464 24439 68.32465919740727
3 0.2 114553 50514 68.32465919740727
2 0.25 126116 110290 68.32465919740727
6 0.25 3151 268 68.32465919740727
5 0.2 22496 1932 68.32465919740727
5 0.09999999999999999 93611 17956 68.32465919740727
6 0.15000000000000002 14197 1528 68.32465919740727
9 0.01 3727258 4004998 68.32465919740727
8 0.01 3845617 4004998 68.32465919740727
12 0.01 3175136 4004998 68.32465919740727
11 0.01 3386103 4004998 68.32465919740727
3 0.060000000000000005 181126 408880 68.32465919740727
10 0.01 3572554 4004998 68.32465919740727
6 0.21000000000000002 5224 519 68.32465919740727
