2 0.01 4004992 4004999 68.32465919740727
3 0.01 4004856 4004999 68.32465919740727
4 0.01 4003436 4004999 68.32465919740727
5 0.01 3996358 4004998 68.32465919740727
6 0.01 3974318 4004998 68.32465919740727
7 0.01 3926832 4004998 68.32465919740727
8 0.01 3845617 4004998 68.32465919740727
9 0.01 3727258 4004998 68.32465919740727
10 0.01 3572554 4004998 68.32465919740727
11 0.01 3386103 4004998 68.32465919740727
13 0.01 2943508 4004996 68.32465919740727
3 0.02 351742 4004977 68.32465919740727
4 0.02 272826 4004674 68.32465919740727
5 0.02 221571 4002689 68.32465919740727
6 0.02 183035 3995069 68.32465919740727
7 0.02 150025 3976413 68.32465919740727
9 0.02 74495 3880522 68.32465919740727
10 0.02 41255 3793559 68.32465919740727
11 0.02 20981 3677743 68.32465919740727
12 0.02 10787 3531585 68.32465919740727
13 0.02 5927 3354711 68.32465919740727
3 0.03 224895 4002383 68.32465919740727
4 0.03 193976 3982698 68.32465919740727
5 0.03 168183 3910140 68.32465919740727
7 0.03 115072 3459717 68.32465919740727
9 0.03 40602 2632639 68.32465919740727
10 0.03 18242 2171086 68.32465919740727
11 0.03 8022 1736253 68.32465919740727
12 0.03 3911 1358377 68.32465919740727
2 0.04 231249 3538296 68.32465919740727
3 0.04 200967 2893445 68.32465919740727
4 0.04 175139 2193015 68.32465919740727
5 0.04 151647 1602816 68.32465919740727
3 0.05 186785 1021225 68.32465919740727
6 0.04 125901 1161770 68.32465919740727
7 0.04 88453 845968 68.32465919740727
9 0.05 9542 81599 68.32465919740727
9 0.11 1607 171 68.32465919740727
5 0.17 36158 3399 68.32465919740727
9 0.04 18737 459034 68.32465919740727
11 0.04 3564 254813 68.32465919740727
2 0.19 140312 140616 68.32465919740727
10 0.09 1439 115 68.32465919740727
3 0.09 158575 141257 68.32465919740727
7 0.16 3372 434 68.32465919740727
12 0.09999999999999999 360 7 68.32465919740727
3 0.13 139401 102805 68.32465919740727
13 0.08 339 23 68.32465919740727
2 0.060000000000000005 207580 637305 68.32465919740727
7 0.17 2920 345 68.32465919740727
10 0.08 1673 289 68.32465919740727
4 0.05 162676 669287 68.32465919740727
8 0.04 45858 621277 68.32465919740727
4 0.09 136347 71772 68.32465919740727
11 0.11 542 11 68.32465919740727
5 0.24000000000000002 13053 1077 68.32465919740727
2 0.06999999999999999 195524 314559 68.32465919740727
6 0.2 5898 614 68.32465919740727
2 0.22 132577 124832 68.32465919740727
6 0.060000000000000005 100174 84741 68.32465919740727
2 0.13 160394 173881 68.32465919740727
8 0.22 724 27 68.32465919740727
6 0.13 22202 2214 68.32465919740727
2 0.2 137624 134948 68.32465919740727
8 0.16 1482 133 68.32465919740727
8 0.21000000000000002 835 33 68.32465919740727
2 0.24000000000000002 128316 114854 68.32465919740727
11 0.25 40 0 68.32465919740727
8 0.060000000000000005 19816 25018 68.32465919740727
3 0.25 95991 27722 68.32465919740727
10 0.21000000000000002 160 3 68.32465919740727
3 0.17 124906 70768 68.32465919740727
12 0.16 80 2 68.32465919740727
4 0.22 57050 6472 68.32465919740727
13 0.19 13 0 68.32465919740727
5 0.11 83436 13630 68.32465919740727
6 0.14 17705 1799 68.32465919740727
3 0.24000000000000002 100033 31325 68.32465919740727
5 0.09999999999999999 93611 17956 68.32465919740727
10 0.06999999999999999 2139 1266 68.32465919740727
3 0.15000000000000002 131908 86306 68.32465919740727
10 0.14 599 13 68.32465919740727
6 0.06999999999999999 81668 23376 68.32465919740727
8 0.15000000000000002 1661 168 68.32465919740727
4 0.21000000000000002 64141 7788 68.32465919740727
12 0.24000000000000002 15 0 68.32465919740727
10 0.12 831 32 68.32465919740727
2 0.21000000000000002 135513 130209 68.32465919740727
7 0.09 18887 2222 68.32465919740727
3 0.21000000000000002 111645 45411 68.32465919740727
9 0.18000000000000002 609 17 68.32465919740727
7 0.23 1447 76 68.32465919740727
11 0.09999999999999999 678 22 68.32465919740727
10 0.15000000000000002 505 11 68.32465919740727
5 0.05 139554 451844 68.32465919740727
4 0.15000000000000002 101464 24439 68.32465919740727
2 0.18000000000000002 143701 145431 68.32465919740727
11 0.17 141 4 68.32465919740727
5 0.18000000000000002 31782 2765 68.32465919740727
7 0.11 9592 1289 68.32465919740727
4 0.08 141274 90997 68.32465919740727
11 0.23 48 0 68.32465919740727
8 0.23 665 18 68.32465919740727
7 0.09999999999999999 12885 1647 68.32465919740727
7 0.24000000000000002 1304 59 68.32465919740727
2 0.15000000000000002 152697 162454 68.32465919740727
6 0.25 3151 268 68.32465919740727
13 0.17 24 0 68.32465919740727
3 0.2 114553 50514 68.32465919740727
9 0.25 222 4 68.32465919740727
3 0.06999999999999999 170805 209788 68.32465919740727
2 0.16 149237 156574 68.32465919740727
13 0.09999999999999999 161 4 68.32465919740727
4 0.06999999999999999 148047 127245 68.32465919740727
7 0.18000000000000002 2573 261 68.32465919740727
5 0.08 113453 35704 68.32465919740727
10 0.19 224 3 68.32465919740727
3 0.16 128285 78085 68.32465919740727
9 0.2 449 10 68.32465919740727
10 0.2 178 3 68.32465919740727
4 0.09999999999999999 129264 60259 68.32465919740727
7 0.25 1188 54 68.32465919740727
6 0.05 109184 297778 68.32465919740727
8 0.13 2272 299 68.32465919740727
7 0.08 25006 3873 68.32465919740727
9 0.09999999999999999 1909 244 68.32465919740727
10 0.060000000000000005 3140 8785 68.32465919740727
6 0.21000000000000002 5224 519 68.32465919740727
8 0.08 7811 1652 68.32465919740727
4 0.13 113494 35606 68.32465919740727
5 0.19 26257 2319 68.32465919740727
11 0.05 2201 36928 68.32465919740727
4 0.14 107623 29510 68.32465919740727
5 0.12 75708 10532 68.32465919740727
6 0.11 33894 3603 68.32465919740727
7 0.15000000000000002 4066 537 68.32465919740727
3 0.08 163698 162021 68.32465919740727
12 0.19 42 0 68.32465919740727
11 0.08 1056 120 68.32465919740727
6 0.22 4412 420 68.32465919740727
5 0.09 105722 24065 68.32465919740727
8 0.06999999999999999 11620 4604 68.32465919740727
13 0.23 3 0 68.32465919740727
3 0.19 118039 57074 68.32465919740727
11 0.2 78 0 68.32465919740727
8 0.05 26264 123772 68.32465919740727
13 0.2 9 0 68.32465919740727
5 0.16 42149 4140 68.32465919740727
13 0.05 896 16856 68.32465919740727
5 0.22 16709 1413 68.32465919740727
10 0.22 131 1 68.32465919740727
10 0.13 696 19 68.32465919740727
12 0.08 622 48 68.32465919740727
2 0.25 126116 110290 68.32465919740727
3 0.23 104025 35605 68.32465919740727
9 0.19 517 14 68.32465919740727
9 0.12 1411 126 68.32465919740727
9 0.17 673 26 68.32465919740727
7 0.06999999999999999 35315 9586 68.32465919740727
6 0.19 6837 749 68.32465919740727
12 0.22 24 0 68.32465919740727
4 0.19 75313 11397 68.32465919740727
12 0.18000000000000002 48 1 68.32465919740727
8 0.24000000000000002 589 16 68.32465919740727
7 0.14 4965 650 68.32465919740727
12 0.11 271 5 68.32465919740727
4 0.2 69094 9310 68.32465919740727
10 0.05 4065 54767 68.32465919740727
13 0.14 52 1 68.32465919740727
12 0.06999999999999999 827 371 68.32465919740727
11 0.09 893 36 68.32465919740727
9 0.16 770 33 68.32465919740727
11 0.16 167 4 68.32465919740727
3 0.11 147099 120660 68.32465919740727
11 0.15000000000000002 211 4 68.32465919740727
6 0.08 66974 11195 68.32465919740727
8 0.14 1940 214 68.32465919740727
12 0.23 19 0 68.32465919740727
5 0.25 11466 951 68.32465919740727
12 0.060000000000000005 1158 3255 68.32465919740727
6 0.18000000000000002 8362 881 68.32465919740727
2 0.09 181471 204192 68.32465919740727
11 0.24000000000000002 44 0 68.32465919740727
6 0.12 27902 2742 68.32465919740727
13 0.25 1 0 68.32465919740727
4 0.23 52790 5510 68.32465919740727
8 0.2 911 40 68.32465919740727
11 0.12 443 7 68.32465919740727
5 0.23 15078 1241 68.32465919740727
4 0.16 95037 20112 68.32465919740727
13 0.16 32 0 68.32465919740727
7 0.21000000000000002 1766 125 68.32465919740727
10 0.16 418 9 68.32465919740727
12 0.14 120 4 68.32465919740727
13 0.06999999999999999 475 196 68.32465919740727
13 0.11 115 4 68.32465919740727
9 0.09 2461 351 68.32465919740727
2 0.23 130696 120100 68.32465919740727
10 0.23 117 1 68.32465919740727
11 0.19 88 1 68.32465919740727
7 0.22 1557 97 68.32465919740727
5 0.15000000000000002 49147 5116 68.32465919740727
9 0.060000000000000005 7060 14597 68.32465919740727
3 0.12 143546 111365 68.32465919740727
9 0.13 1217 85 68.32465919740727
9 0.23 290 5 68.32465919740727
6 0.15000000000000002 14197 1528 68.32465919740727
12 0.15000000000000002 100 3 68.32465919740727
8 0.17 1324 98 68.32465919740727
9 0.24000000000000002 246 4 68.32465919740727
11 0.21000000000000002 66 0 68.32465919740727
2 0.09999999999999999 173982 193471 68.32465919740727
12 0.12 202 5 68.32465919740727
12 0.04 2035 190153 68.32465919740727
11 0.13 352 6 68.32465919740727
10 0.09999999999999999 1129 72 68.32465919740727
9 0.06999999999999999 4252 2342 68.32465919740727
9 0.14 1047 59 68.32465919740727
9 0.21000000000000002 397 7 68.32465919740727
8 0.09999999999999999 4119 652 68.32465919740727
10 0.24000000000000002 97 0 68.32465919740727
2 0.05 214430 1712568 68.32465919740727
8 0.25 523 15 68.32465919740727
11 0.060000000000000005 1826 5339 68.32465919740727
7 0.05 63973 191421 68.32465919740727
13 0.03 2245 1048068 68.32465919740727
2 0.14 156437 167911 68.32465919740727
4 0.24000000000000002 47476 4608 68.32465919740727
4 0.17 88595 16704 68.32465919740727
5 0.2 22496 1932 68.32465919740727
8 0.11 3220 498 68.32465919740727
5 0.060000000000000005 133942 157828 68.32465919740727
12 0.2 38 0 68.32465919740727
6 0.23 3964 359 68.32465919740727
13 0.12 87 2 68.32465919740727
4 0.11 123738 50790 68.32465919740727
7 0.19 2207 197 68.32465919740727
7 0.12 7762 1032 68.32465919740727
13 0.21000000000000002 8 0 68.32465919740727
6 0.09 56412 6615 68.32465919740727
6 0.16 11641 1289 68.32465919740727
5 0.13 66130 8129 68.32465919740727
10 0.17 352 5 68.32465919740727
8 0.18000000000000002 1174 65 68.32465919740727
6 0.03 143896 3741745 68.32465919740727
9 0.08 3054 685 68.32465919740727
10 0.04 7518 341496 68.32465919740727
8 0.19 1020 50 68.32465919740727
10 0.25 83 0 68.32465919740727
6 0.09999999999999999 42711 4762 68.32465919740727
7 0.13 6169 816 68.32465919740727
2 0.08 187263 234684 68.32465919740727
7 0.060000000000000005 52923 44617 68.32465919740727
