2 0.01 4004999 4004999 68.32465919740727
3 0.01 4004992 4004999 68.32465919740727
4 0.01 4004856 4004999 68.32465919740727
5 0.01 4003436 4004999 68.32465919740727
6 0.01 3996358 4004998 68.32465919740727
7 0.01 3974318 4004998 68.32465919740727
8 0.01 3926832 4004998 68.32465919740727
9 0.01 3845617 4004998 68.32465919740727
10 0.01 3727258 4004998 68.32465919740727
11 0.01 3572554 4004998 68.32465919740727
13 0.01 3175136 4004998 68.32465919740727

2 0.02 884670 4004999 68.32465919740727
3 0.02 494869 4004998 68.32465919740727
4 0.02 351742 4004977 68.32465919740727
5 0.02 272826 4004674 68.32465919740727
6 0.02 221571 4002689 68.32465919740727
7 0.02 183035 3995069 68.32465919740727
8 0.02 150025 3976413 68.32465919740727
9 0.02 114023 3939863 68.32465919740727
11 0.02 41255 3793559 68.32465919740727
12 0.02 20981 3677743 68.32465919740727

3 0.03 265147 4004904 68.32465919740727
4 0.03 224895 4002383 68.32465919740727
6 0.03 168183 3910140 68.32465919740727
7 0.03 143896 3741745 68.32465919740727
8 0.03 115072 3459717 68.32465919740727
9 0.03 77102 3077463 68.32465919740727

2 0.04 283574 3913489 68.32465919740727
3 0.04 231249 3538296 68.3246591974072712 0.01 3386103 4004998 68.32465919740727