   0 2169
   1 2619
   2 33255
   3 32753
   4 28824
   5 27901
   6 26721
   7 25349
   8 23878
   9 23474
  10 21825
  11 22712
  12 20701
  13 23310
  14 20973
  15 20612
  16 18858
  17 18617
  18 17488
  19 18046
  20 16704
  21 16502
  22 16481
  23 15567
  24 15094
  25 14932
  26 14117
  27 14490
  28 13126
  29 12866
  30 14251
  31 11968
  32 11420
  33 11204
  34 10705
  35 10590
  36 9667
  37 9437
  38 9135
  39 8593
  40 8193
  41 7950
  42 7384
  43 7475
  44 6784
  45 7246
  46 6259
  47 6091
  48 5636
  49 5439
  50 5116
  51 4886
  52 4641
  53 4509
  54 4398
  55 4081
  56 3819
  57 3892
  58 3572
  59 3549
  60 3163
  61 3090
  62 3426
  63 2873
  64 2689
  65 2584
  66 2439
  67 2498
  68 2205
  69 2243
  70 2184
  71 2076
  72 1897
  73 1875
  74 1764
  75 1852
  76 1672
  77 1842
  78 1553
  79 1479
  80 1516
  81 1357
  82 1310
  83 1284
  84 1203
  85 1156
  86 1211
  87 1149
  88 1119
  89 1058
  90 947
  91 974
  92 865
  93 802
  94 954
  95 813
  96 756
  97 761
  98 713
  99 703
 100 658
 101 622
 102 726
 103 586
 104 575
 105 542
 106 615
 107 570
 108 589
 109 539
 110 503
 111 468
 112 459
 113 448
 114 428
 115 458
 116 405
 117 402
 118 406
 119 402
 120 371
 121 334
 122 331
 123 353
 124 310
 125 342
 126 357
 127 273
 128 251
 129 303
 130 292
 131 304
 132 264
 133 300
 134 242
 135 236
 136 242
 137 234
 138 219
 139 234
 140 200
 141 241
 142 201
 143 215
 144 190
 145 192
 146 159
 147 163
 148 164
 149 137
 150 186
 151 157
 152 170
 153 163
 154 149
 155 168
 156 144
 157 148
 158 159
 159 151
 160 123
 161 145
 162 146
 163 128
 164 118
 165 109
 166 113
 167 128
 168 97
 169 115
 170 104
 171 108
 172 116
 173 83
 174 84
 175 77
 176 91
 177 104
 178 98
 179 90
 180 87
 181 69
 182 81
 183 85
 184 70
 185 79
 186 83
 187 75
 188 77
 189 68
 190 60
 191 64
 192 67
 193 78
 194 51
 195 46
 196 66
 197 63
 198 61
 199 61
 200 64
 201 57
 202 55
 203 64
 204 58
 205 64
 206 42
 207 45
 208 55
 209 50
 210 53
 211 52
 212 58
 213 43
 214 66
 215 51
 216 38
 217 44
 218 45
 219 37
 220 51
 221 36
 222 48
 223 49
 224 37
 225 52
 226 49
 227 30
 228 38
 229 37
 230 43
 231 37
 232 33
 233 34
 234 26
 235 36
 236 35
 237 25
 238 39
 239 26
 240 34
 241 28
 242 23
 243 32
 244 36
 245 31
 246 27
 247 35
 248 30
 249 34
 250 33
 251 19
 252 30
 253 32
 254 24
 255 38
 256 29
 257 26
 258 21
 259 27
 260 37
 261 25
 262 19
 263 18
 264 24
 265 27
 266 26
 267 29
 268 28
 269 20
 270 21
 271 17
 272 13
 273 29
 274 18
 275 19
 276 29
 277 22
 278 17
 279 28
 280 24
 281 22
 282 18
 283 16
 284 14
 285 22
 286 25
 287 21
 288 18
 289 15
 290 17
 291 16
 292 13
 293 16
 294 18
 295 13
 296 17
 297 16
 298 14
 299 22
 300 22
 301 10
 302 22
 303 15
 304 13
 305 17
 306 12
 307 21
 308 13
 309 9
 310 18
 311 20
 312 17
 313 20
 314 15
 315 12
 316 14
 317 13
 318 24
 319 16
 320 28
 321 13
 322 17
 323 19
 324 12
 325 14
 326 12
 327 12
 328 13
 329 24
 330 8
 331 16
 332 12
 333 18
 334 11
 335 13
 336 13
 337 14
 338 8
 339 11
 340 18
 341 8
 342 10
 343 7
 344 15
 345 7
 346 12
 347 12
 348 13
 349 12
 350 10
 351 9
 352 21
 353 8
 354 10
 355 6
 356 7
 357 11
 358 11
 359 4
 360 8
 361 13
 362 16
 363 7
 364 11
 365 11
 366 10
 367 11
 368 8
 369 9
 370 5
 371 13
 372 13
 373 9
 374 3
 375 10
 376 8
 377 6
 378 6
 379 10
 380 7
 381 4
 382 6
 383 7
 384 9
 385 9
 386 12
 387 12
 388 8
 389 6
 390 9
 391 14
 392 7
 393 9
 394 4
 395 6
 396 5
 397 9
 398 1
 399 12
 400 9
 401 5
 402 6
 403 10
 404 5
 405 5
 406 8
 407 11
 408 8
 409 9
 410 14
 411 3
 412 6
 413 5
 414 5
 415 7
 416 11
 417 7
 418 7
 419 7
 420 7
 421 7
 422 6
 423 5
 424 10
 425 13
 426 7
 427 3
 428 8
 429 6
 430 10
 431 7
 432 10
 433 4
 434 9
 435 10
 436 8
 437 4
 438 4
 439 8
 440 5
 441 3
 442 4
 443 2
 444 3
 445 7
 446 3
 447 6
 448 5
 449 4
 450 3
 451 2
 452 4
 453 3
 454 5
 455 2
 456 7
 457 2
 458 5
 459 3
 460 5
 461 5
 462 4
 463 4
 464 6
 465 10
 466 3
 467 7
 468 7
 469 3
 470 4
 471 4
 472 5
 473 1
 474 4
 475 5
 476 7
 477 3
 478 5
 479 11
 480 3
 481 5
 482 5
 483 4
 484 7
 485 8
 486 7
 487 4
 488 2
 489 0
 490 2
 491 7
 492 5
 493 2
 494 5
 495 2
 496 6
 497 5
 498 5
 499 1
 500 2
 501 6
 502 4
 503 3
 504 8
 505 2
 506 6
 507 5
 508 3
 509 4
 510 1
 511 7
 512 4
 513 5
 514 4
 515 5
 516 0
 517 5
 518 3
 519 2
 520 1
 521 1
 522 4
 523 1
 524 3
 525 3
 526 5
 527 6
 528 4
 529 2
 530 2
 531 2
 532 1
 533 2
 534 4
 535 5
 536 4
 537 3
 538 1
 539 3
 540 1
 541 4
 542 1
 543 2
 544 4
 545 5
 546 3
 547 5
 548 0
 549 2
 550 3
 551 1
 552 5
 553 1
 554 4
 555 3
 556 3
 557 2
 558 1
 559 4
 560 4
 561 0
 562 0
 563 3
 564 3
 565 1
 566 2
 567 2
 568 1
 569 0
 570 1
 571 2
 572 2
 573 0
 574 1
 575 2
 576 0
 577 2
 578 6
 579 3
 580 3
 581 2
 582 0
 583 4
 584 4
 585 1
 586 0
 587 3
 588 5
 589 2
 590 3
 591 2
 592 2
 593 4
 594 0
 595 1
 596 4
 597 4
 598 1
 599 2
 600 2
 601 1
 602 2
 603 5
 604 1
 605 3
 606 3
 607 1
 608 3
 609 1
 610 1
 611 1
 612 1
 613 2
 614 2
 615 1
 616 2
 617 1
 618 1
 619 1
 620 3
 621 0
 622 2
 623 0
 624 3
 625 1
 626 1
 627 2
 628 1
 629 2
 630 2
 631 1
 632 2
 633 3
 634 1
 635 2
 636 4
 637 1
 638 0
 639 1
 640 3
 641 0
 642 1
 643 2
 644 1
 645 2
 646 2
 647 1
 648 3
 649 1
 650 3
 651 0
 652 3
 653 3
 654 2
 655 0
 656 1
 657 3
 658 2
 659 1
 660 1
 661 3
 662 2
 663 3
 664 2
 665 1
 666 0
 667 1
 668 1
 669 1
 670 0
 671 1
 672 0
 673 0
 674 4
 675 3
 676 1
 677 0
 678 2
 679 0
 680 2
 681 0
 682 1
 683 2
 684 0
 685 0
 686 0
 687 0
 688 2
 689 0
 690 1
 691 0
 692 4
 693 2
 694 2
 695 0
 696 1
 697 1
 698 1
 699 2
 700 1
 701 0
 702 0
 703 0
 704 0
 705 0
 706 1
 707 1
 708 1
 709 2
 710 3
 711 2
 712 3
 713 3
 714 1
 715 0
 716 2
 717 1
 718 3
 719 2
 720 0
 721 2
 722 2
 723 0
 724 3
 725 2
 726 0
 727 1
 728 0
 729 1
 730 2
 731 0
 732 3
 733 1
 734 0
 735 1
 736 4
 737 2
 738 1
 739 2
 740 0
 741 2
 742 0
 743 1
 744 1
 745 2
 746 1
 747 0
 748 2
 749 2
 750 0
 751 0
 752 0
 753 1
 754 0
 755 2
 756 0
 757 1
 758 2
 759 1
 760 0
 761 0
 762 0
 763 1
 764 0
 765 1
 766 1
 767 0
 768 2
 769 1
 770 2
 771 1
 772 1
 773 0
 774 4
 775 0
 776 0
 777 0
 778 0
 779 0
 780 0
 781 0
 782 1
 783 0
 784 3
 785 1
 786 1
 787 3
 788 0
 789 0
 790 0
 791 2
 792 0
 793 0
 794 0
 795 1
 796 0
 797 0
 798 0
 799 1
 800 1
 801 1
 802 1
 803 1
 804 0
 805 0
 806 2
 807 1
 808 0
 809 1
 810 0
 811 0
 812 0
 813 2
 814 0
 815 1
 816 0
 817 1
 818 1
 819 2
 820 0
 821 2
 822 0
 823 1
 824 2
 825 0
 826 0
 827 0
 828 1
 829 0
 830 0
 831 0
 832 0
 833 0
 834 1
 835 1
 836 1
 837 1
 838 0
 839 3
 840 0
 841 0
 842 1
 843 1
 844 0
 845 0
 846 0
 847 1
 848 0
 849 0
 850 0
 851 1
 852 2
 853 0
 854 0
 855 1
 856 0
 857 0
 858 0
 859 0
 860 0
 861 0
 862 0
 863 0
 864 1
 865 0
 866 0
 867 2
 868 1
 869 0
 870 1
 871 1
 872 0
 873 0
 874 0
 875 2
 876 1
 877 0
 878 3
 879 0
 880 0
 881 1
 882 1
 883 0
 884 0
 885 0
 886 0
 887 0
 888 1
 889 0
 890 1
 891 0
 892 2
 893 1
 894 0
 895 0
 896 1
 897 0
 898 0
 899 0
 900 1
 901 1
 902 0
 903 0
 904 0
 905 0
 906 0
 907 0
 908 1
 909 1
 910 0
 911 0
 912 0
 913 0
 914 1
 915 0
 916 0
 917 1
 918 0
 919 0
 920 1
 921 1
 922 0
 923 0
 924 0
 925 0
 926 1
 927 1
 928 0
 929 0
 930 1
 931 0
 932 1
 933 0
 934 0
 935 1
 936 0
 937 0
 938 1
 939 0
 940 1
 941 0
 942 0
 943 2
 944 0
 945 1
 946 0
 947 0
 948 0
 949 0
 950 1
 951 1
 952 1
 953 1
 954 0
 955 0
 956 0
 957 1
 958 2
 959 2
 960 0
 961 0
 962 2
 963 0
 964 0
 965 0
 966 0
 967 1
 968 0
 969 0
 970 0
 971 0
 972 1
 973 1
 974 0
 975 1
 976 0
 977 1
 978 0
 979 0
 980 0
 981 0
 982 0
 983 0
 984 0
 985 0
 986 1
 987 0
 988 0
 989 0
 990 1
 991 0
 992 0
 993 1
 994 0
 995 0
 996 0
 997 0
 998 0
 999 1
1000 0
1001 1
1002 0
1003 1
1004 0
1005 0
1006 0
1007 1
1008 0
1009 0
1010 0
1011 0
1012 0
1013 1
1014 0
1015 0
1016 1
1017 0
1018 1
1019 0
1020 1
1021 1
1022 0
1023 0
