   0 666
   1 1347
   2 1336
   3 1354
   4 1147
   5 1258
   6 1243
   7 1212
   8 1064
   9 1090
  10 961
  11 1011
  12 935
  13 926
  14 1030
  15 826
  16 781
  17 810
  18 790
  19 805
  20 667
  21 696
  22 678
  23 655
  24 583
  25 633
  26 575
  27 540
  28 606
  29 588
  30 537
  31 505
  32 468
  33 468
  34 440
  35 455
  36 409
  37 446
  38 415
  39 352
  40 390
  41 377
  42 382
  43 376
  44 352
  45 335
  46 365
  47 298
  48 321
  49 305
  50 255
  51 328
  52 262
  53 264
  54 247
  55 243
  56 230
  57 230
  58 202
  59 238
  60 233
  61 213
  62 210
  63 203
  64 163
  65 211
  66 200
  67 167
  68 174
  69 201
  70 164
  71 188
  72 164
  73 146
  74 128
  75 157
  76 134
  77 155
  78 146
  79 111
  80 129
  81 129
  82 108
  83 145
  84 116
  85 133
  86 135
  87 130
  88 115
  89 105
  90 114
  91 101
  92 104
  93 112
  94 113
  95 104
  96 94
  97 108
  98 83
  99 85
 100 92
 101 87
 102 85
 103 103
 104 80
 105 79
 106 62
 107 82
 108 87
 109 71
 110 61
 111 71
 112 84
 113 73
 114 64
 115 57
 116 67
 117 73
 118 52
 119 61
 120 54
 121 65
 122 66
 123 69
 124 47
 125 29
 126 62
 127 54
 128 65
 129 62
 130 64
 131 52
 132 60
 133 41
 134 40
 135 51
 136 44
 137 46
 138 40
 139 54
 140 52
 141 45
 142 41
 143 33
 144 34
 145 34
 146 36
 147 35
 148 39
 149 45
 150 34
 151 51
 152 20
 153 34
 154 37
 155 33
 156 40
 157 33
 158 39
 159 37
 160 43
 161 33
 162 36
 163 33
 164 27
 165 26
 166 31
 167 36
 168 36
 169 34
 170 28
 171 18
 172 27
 173 33
 174 35
 175 24
 176 20
 177 23
 178 28
 179 22
 180 28
 181 25
 182 21
 183 30
 184 25
 185 32
 186 21
 187 31
 188 33
 189 19
 190 25
 191 17
 192 24
 193 29
 194 22
 195 20
 196 24
 197 28
 198 25
 199 17
 200 21
 201 22
 202 23
 203 21
 204 16
 205 16
 206 28
 207 16
 208 19
 209 16
 210 17
 211 28
 212 30
 213 22
 214 10
 215 17
 216 26
 217 21
 218 15
 219 12
 220 20
 221 24
 222 10
 223 20
 224 16
 225 20
 226 15
 227 14
 228 17
 229 12
 230 17
 231 14
 232 18
 233 20
 234 16
 235 11
 236 11
 237 12
 238 10
 239 14
 240 25
 241 16
 242 18
 243 16
 244 16
 245 21
 246 6
 247 11
 248 18
 249 18
 250 13
 251 16
 252 11
 253 14
 254 14
 255 11
 256 9
 257 16
 258 4
 259 19
 260 9
 261 10
 262 12
 263 18
 264 12
 265 8
 266 13
 267 7
 268 7
 269 17
 270 7
 271 11
 272 16
 273 7
 274 11
 275 4
 276 16
 277 16
 278 9
 279 17
 280 6
 281 21
 282 9
 283 7
 284 9
 285 10
 286 4
 287 8
 288 12
 289 11
 290 9
 291 10
 292 6
 293 11
 294 12
 295 12
 296 6
 297 6
 298 8
 299 11
 300 8
 301 8
 302 10
 303 2
 304 10
 305 8
 306 12
 307 3
 308 14
 309 6
 310 6
 311 11
 312 16
 313 12
 314 8
 315 5
 316 6
 317 8
 318 5
 319 7
 320 10
 321 5
 322 9
 323 11
 324 9
 325 10
 326 9
 327 9
 328 2
 329 9
 330 9
 331 7
 332 2
 333 10
 334 7
 335 8
 336 7
 337 6
 338 10
 339 5
 340 8
 341 6
 342 3
 343 8
 344 6
 345 2
 346 5
 347 4
 348 6
 349 6
 350 6
 351 5
 352 2
 353 8
 354 6
 355 7
 356 8
 357 8
 358 5
 359 3
 360 5
 361 2
 362 8
 363 9
 364 2
 365 4
 366 5
 367 6
 368 10
 369 5
 370 4
 371 8
 372 4
 373 7
 374 7
 375 7
 376 8
 377 7
 378 2
 379 6
 380 6
 381 7
 382 5
 383 6
 384 3
 385 3
 386 2
 387 2
 388 9
 389 5
 390 3
 391 1
 392 4
 393 2
 394 4
 395 10
 396 3
 397 5
 398 6
 399 4
 400 5
 401 2
 402 5
 403 3
 404 4
 405 8
 406 6
 407 6
 408 2
 409 3
 410 4
 411 8
 412 4
 413 5
 414 4
 415 7
 416 4
 417 2
 418 1
 419 2
 420 1
 421 3
 422 0
 423 0
 424 4
 425 2
 426 2
 427 1
 428 3
 429 2
 430 5
 431 3
 432 3
 433 4
 434 6
 435 4
 436 6
 437 4
 438 4
 439 3
 440 3
 441 1
 442 2
 443 4
 444 5
 445 0
 446 3
 447 8
 448 3
 449 3
 450 1
 451 5
 452 3
 453 2
 454 2
 455 3
 456 6
 457 3
 458 3
 459 2
 460 2
 461 4
 462 5
 463 3
 464 4
 465 4
 466 5
 467 7
 468 0
 469 4
 470 3
 471 4
 472 2
 473 5
 474 1
 475 4
 476 4
 477 3
 478 4
 479 2
 480 2
 481 3
 482 4
 483 2
 484 2
 485 2
 486 1
 487 2
 488 6
 489 4
 490 4
 491 2
 492 3
 493 1
 494 2
 495 4
 496 1
 497 1
 498 1
 499 2
 500 1
 501 3
 502 1
 503 4
 504 1
 505 1
 506 3
 507 2
 508 4
 509 1
 510 1
 511 3
 512 0
 513 2
 514 2
 515 1
 516 0
 517 3
 518 1
 519 3
 520 2
 521 2
 522 2
 523 3
 524 3
 525 0
 526 0
 527 2
 528 1
 529 0
 530 2
 531 4
 532 1
 533 5
 534 4
 535 4
 536 5
 537 3
 538 0
 539 2
 540 3
 541 1
 542 1
 543 1
 544 1
 545 2
 546 1
 547 3
 548 4
 549 1
 550 0
 551 2
 552 1
 553 0
 554 0
 555 4
 556 2
 557 0
 558 3
 559 0
 560 1
 561 0
 562 3
 563 2
 564 1
 565 2
 566 2
 567 0
 568 1
 569 3
 570 1
 571 2
 572 4
 573 1
 574 0
 575 3
 576 1
 577 3
 578 3
 579 1
 580 2
 581 2
 582 2
 583 3
 584 0
 585 2
 586 3
 587 0
 588 1
 589 1
 590 2
 591 0
 592 1
 593 1
 594 2
 595 0
 596 1
 597 1
 598 1
 599 0
 600 1
 601 1
 602 1
 603 1
 604 0
 605 0
 606 1
 607 6
 608 1
 609 3
 610 0
 611 2
 612 1
 613 1
 614 4
 615 1
 616 1
 617 1
 618 2
 619 3
 620 1
 621 2
 622 3
 623 1
 624 0
 625 0
 626 2
 627 2
 628 0
 629 2
 630 0
 631 0
 632 0
 633 0
 634 0
 635 1
 636 3
 637 1
 638 1
 639 1
 640 1
 641 1
 642 2
 643 0
 644 0
 645 1
 646 0
 647 2
 648 1
 649 4
 650 1
 651 0
 652 2
 653 2
 654 1
 655 1
 656 1
 657 0
 658 0
 659 1
 660 1
 661 2
 662 1
 663 1
 664 2
 665 3
 666 0
 667 1
 668 0
 669 2
 670 2
 671 0
 672 0
 673 0
 674 0
 675 3
 676 3
 677 0
 678 1
 679 1
 680 0
 681 3
 682 0
 683 0
 684 0
 685 0
 686 0
 687 0
 688 1
 689 1
 690 0
 691 0
 692 0
 693 0
 694 1
 695 0
 696 0
 697 0
 698 3
 699 1
 700 1
 701 0
 702 0
 703 1
 704 0
 705 2
 706 1
 707 0
 708 3
 709 0
 710 0
 711 0
 712 1
 713 0
 714 2
 715 0
 716 1
 717 1
 718 1
 719 1
 720 2
 721 1
 722 0
 723 0
 724 0
 725 0
 726 0
 727 0
 728 2
 729 1
 730 1
 731 1
 732 1
 733 0
 734 0
 735 1
 736 2
 737 2
 738 1
 739 0
 740 2
 741 2
 742 0
 743 0
 744 0
 745 3
 746 2
 747 0
 748 1
 749 0
 750 0
 751 0
 752 0
 753 1
 754 1
 755 0
 756 1
 757 0
 758 2
 759 2
 760 1
 761 3
 762 1
 763 2
 764 2
 765 1
 766 1
 767 1
 768 1
 769 2
 770 0
 771 0
 772 1
 773 0
 774 0
 775 0
 776 1
 777 0
 778 2
 779 0
 780 0
 781 0
 782 1
 783 0
 784 0
 785 0
 786 1
 787 0
 788 0
 789 0
 790 1
 791 0
 792 0
 793 0
 794 0
 795 0
 796 0
 797 1
 798 0
 799 0
 800 1
 801 2
 802 1
 803 1
 804 0
 805 0
 806 0
 807 0
 808 0
 809 0
 810 0
 811 0
 812 0
 813 0
 814 1
 815 1
 816 1
 817 0
 818 3
 819 0
 820 1
 821 0
 822 0
 823 0
 824 1
 825 0
 826 0
 827 0
 828 0
 829 0
 830 1
 831 0
 832 0
 833 1
 834 0
 835 0
 836 0
 837 0
 838 0
 839 1
 840 0
 841 0
 842 0
 843 0
 844 1
 845 0
 846 1
 847 0
 848 2
 849 1
 850 0
 851 1
 852 0
 853 2
 854 0
 855 2
 856 0
 857 0
 858 0
 859 0
 860 1
 861 0
 862 1
 863 2
 864 0
 865 0
 866 0
 867 0
 868 0
 869 0
 870 0
 871 0
 872 1
 873 0
 874 0
 875 0
 876 0
 877 0
 878 1
 879 0
 880 0
 881 1
 882 0
 883 0
 884 0
 885 0
 886 0
 887 0
 888 1
 889 0
 890 0
 891 0
 892 1
 893 1
 894 1
 895 0
 896 0
 897 0
 898 0
 899 1
 900 0
 901 0
 902 0
 903 2
 904 0
 905 0
 906 0
 907 1
 908 0
 909 0
 910 0
 911 1
 912 0
 913 0
 914 0
 915 0
 916 0
 917 0
 918 0
 919 0
 920 0
 921 0
 922 0
 923 0
 924 1
 925 0
 926 1
 927 0
 928 0
 929 2
 930 0
 931 0
 932 0
 933 0
 934 0
 935 1
 936 0
 937 0
 938 0
 939 0
 940 0
 941 0
 942 0
 943 2
 944 1
 945 0
 946 1
 947 1
 948 0
 949 0
 950 0
 951 0
 952 0
 953 0
 954 0
 955 0
 956 0
 957 0
 958 1
 959 0
 960 0
 961 0
 962 0
 963 0
 964 1
 965 1
 966 0
 967 0
 968 0
 969 1
 970 1
 971 1
 972 0
 973 1
 974 0
 975 0
 976 0
 977 1
 978 2
 979 1
 980 0
 981 0
 982 0
 983 1
 984 1
 985 0
 986 0
 987 0
 988 0
 989 1
 990 0
 991 0
 992 0
 993 1
 994 0
 995 0
 996 0
 997 1
 998 1
 999 0
1000 0
1001 0
1002 0
1003 1
1004 0
1005 0
1006 1
1007 0
1008 1
1009 0
1010 0
1011 2
1012 0
1013 0
1014 0
1015 3
1016 0
1017 0
1018 0
1019 1
1020 1
1021 0
1022 0
1023 0
