header: 
0 0 4 7336
h_type=-72539124
pk shift: 2 2 2 1
Ch shift: 3 3 3 1
pk start/end: 0-70 0-70 0-70 10-50
pk start/end: 0-60 0-60 0-60 10-50
Base Avg: 26466 23647 23965 24281
Offset: 264 236 240 242
Base line histo
0  34 9 15 0
1  68 29 62 5
2  135 66 129 19
3  321 177 290 63
4  633 387 625 188
5  989 740 1202 422
6  1494 1304 2016 876
7  2002 2020 2693 1616
8  2457 2765 3573 2557
9  2860 3529 3897 3629
10  3261 4190 4151 4028
11  3500 3962 3581 4962
12  3145 3549 2846 4093
13  2673 2876 2325 3188
14  2225 2065 1353 2119
15  1799 1252 831 1331
16  1118 729 430 664
17  711 354 158 341
18  434 161 66 137
19  211 65 28 45
Peak
0   1 26 22 0
1   405 1351 1355 16
2   1386 814 452 2328
3   212 108 113 8125
4   143 180 97 3964
5   202 177 84 521
6   212 218 101 73
7   277 293 111 45
8   288 359 88 54
9   310 383 107 74
10   329 392 131 94
11   357 406 148 109
12   374 420 157 132
13   431 436 175 170
14   415 430 203 200
15   452 466 191 244
16   434 459 229 287
17   412 442 233 264
18   443 428 255 270
19   409 435 275 280
20   392 407 283 238
21   382 402 285 270
22   350 378 325 257
23   355 401 310 263
24   355 385 303 250
25   334 361 306 219
26   318 360 312 213
27   326 334 318 197
28   323 339 344 166
29   302 321 340 72
30   315 331 354 0
31   308 305 348 0
32   283 341 363 0
33   297 314 384 0
34   273 314 357 1
35   281 307 377 0
36   286 300 343 0
37   316 278 341 0
38   311 283 363 0
39   239 313 341 0
40   248 286 348 1
41   246 295 328 0
42   261 304 312 0
43   280 273 327 0
44   265 287 316 0
45   274 278 284 0
46   278 266 305 1
47   266 280 296 0
48   263 282 311 0
49   292 266 288 0
50   256 268 317 0
51   258 281 286 0
52   238 262 312 0
53   274 259 314 0
54   221 245 285 0
55   275 260 304 0
56   261 278 283 0
57   252 257 274 0
58   245 248 290 0
59   253 212 246 0
60   286 218 208 0
61   251 234 262 0
62   228 245 230 0
63   210 213 226 0
64   219 230 224 0
65   226 209 229 0
66   237 207 242 0
67   207 220 233 0
68   221 183 219 0
69   205 199 221 0
70   187 184 195 0
71   208 207 234 0
72   194 188 218 0
73   174 152 191 0
74   175 187 211 0
75   175 179 168 0
76   186 160 242 0
77   153 168 185 0
78   178 156 173 0
79   169 148 177 0
80   175 144 172 0
81   182 152 174 0
82   156 122 177 0
83   158 131 167 0
84   162 122 163 0
85   126 135 139 0
86   160 127 153 0
87   130 127 152 0
88   121 134 157 0
89   129 115 166 0
90   147 106 142 0
91   125 101 152 0
92   114 94 143 0
93   114 95 139 0
94   98 99 125 0
95   104 89 115 0
96   119 93 134 0
97   105 102 123 0
98   115 98 131 0
99   93 97 137 0
100   350 361 459 0
101   334 289 420 0
102   308 273 401 0
103   290 235 356 0
104   240 215 365 0
105   228 179 275 0
106   212 172 270 0
107   195 179 274 0
108   179 129 218 0
109   167 149 215 0
110   134 121 206 0
111   131 92 178 0
112   138 95 172 0
113   116 97 145 0
114   84 61 140 0
115   88 82 132 0
116   104 67 116 0
117   86 58 97 0
118   78 55 87 1
119   77 52 71 0
120   66 46 73 0
121   43 42 71 0
122   57 44 62 0
123   31 45 53 0
124   44 36 48 0
125   39 22 63 0
126   42 29 54 0
127   39 23 44 0
128   33 38 38 0
129   34 34 39 0
130   37 15 36 0
131   25 19 30 0
132   28 17 39 0
133   17 20 30 0
134   18 18 25 0
135   32 15 30 0
136   26 19 20 0
137   17 11 22 0
138   24 13 12 0
139   17 3 24 0
140   18 9 19 0
141   13 13 19 0
142   12 9 14 0
143   13 8 11 0
144   12 12 20 0
145   13 9 11 0
146   15 9 15 0
147   8 5 10 0
148   7 7 8 0
149   10 7 7 0
Charge
0   97 120 155 242
1   105 119 148 259
2   122 141 154 274
3   126 149 158 303
4   113 136 130 313
5   140 151 130 334
6   144 162 138 318
7   135 159 109 316
8   151 132 116 346
9   156 134 109 365
10   138 132 91 331
11   125 147 96 346
12   131 122 115 368
13   116 131 122 376
14   118 136 96 358
15   124 143 120 351
16   127 144 121 329
17   135 120 120 341
18   140 136 128 353
19   114 128 127 316
20   132 137 140 291
21   110 116 115 298
22   125 138 135 318
23   130 120 128 307
24   130 157 146 321
25   121 137 144 290
26   123 159 127 310
27   111 165 173 269
28   128 146 146 277
29   121 132 176 276
30   134 136 143 236
31   148 149 158 268
32   159 159 147 237
33   132 150 147 242
34   142 128 158 222
35   143 147 166 239
36   122 156 148 208
37   172 139 148 202
38   128 152 157 208
39   131 163 156 171
40   174 139 140 165
41   141 134 155 180
42   132 138 168 143
43   174 149 162 117
44   155 150 120 145
45   146 147 136 138
46   143 130 128 134
47   147 134 139 95
48   127 160 153 124
49   131 146 131 104
50   128 162 145 88
51   155 143 127 109
52   131 128 142 88
53   144 108 147 83
54   130 136 118 79
55   139 140 118 71
56   113 125 122 67
57   149 141 136 69
58   135 120 145 54
59   120 110 123 81
60   116 100 130 70
61   141 146 124 75
62   136 119 126 64
63   106 117 127 54
64   120 122 118 66
65   124 124 125 62
66   102 110 114 62
67   101 110 121 79
68   127 117 113 70
69   105 104 116 70
70   101 107 102 66
71   99 90 101 74
72   108 111 93 57
73   105 101 111 77
74   104 107 104 76
75   97 94 103 55
76   106 80 97 61
77   117 91 98 76
78   93 86 101 73
79   99 79 107 71
80   98 92 103 68
81   83 84 103 55
82   88 85 100 51
83   72 93 93 77
84   96 91 89 67
85   86 79 97 53
86   93 89 112 73
87   80 78 94 42
88   83 85 83 67
89   68 85 91 57
90   84 99 93 57
91   77 90 97 67
92   89 96 90 61
93   72 96 101 37
94   88 71 91 53
95   79 99 84 49
96   74 75 94 59
97   77 64 74 44
98   83 73 78 38
99   64 71 93 55
100   81 80 93 50
101   68 66 92 45
102   56 81 83 37
103   62 75 91 38
104   74 92 84 37
105   73 79 73 38
106   71 75 74 41
107   73 82 77 30
108   54 66 77 35
109   60 66 79 24
110   67 86 85 20
111   68 72 73 14
112   60 81 63 26
113   66 64 74 35
114   70 72 86 30
115   58 73 72 21
116   76 58 87 19
117   68 74 79 23
118   64 70 83 28
119   59 87 82 17
120   67 72 81 14
121   64 70 74 9
122   65 69 83 12
123   68 80 74 14
124   68 72 87 11
125   63 78 82 12
126   56 90 61 11
127   79 84 73 17
128   70 80 54 9
129   67 81 82 10
130   64 68 70 14
131   59 54 77 9
132   61 67 71 9
133   58 62 65 13
134   55 64 81 8
135   64 79 77 9
136   65 78 81 4
137   76 81 77 5
138   61 71 67 5
139   68 66 63 3
140   66 74 71 4
141   60 84 67 4
142   59 65 75 1
143   64 71 66 3
144   70 69 68 3
145   65 75 61 1
146   83 74 75 2
147   71 93 79 1
148   54 76 82 3
149   61 77 72 3
150   63 84 70 1
151   62 77 78 2
152   69 56 69 0
153   72 84 62 1
154   62 71 60 0
155   65 65 56 2
156   75 68 56 1
157   58 71 53 1
158   65 70 74 0
159   76 71 65 0
160   67 68 66 1
161   75 62 62 1
162   77 77 68 1
163   69 62 59 0
164   69 83 70 0
165   69 69 55 0
166   68 88 63 1
167   72 75 66 0
168   72 67 71 0
169   49 87 62 1
170   67 76 78 0
171   77 80 65 0
172   71 67 62 0
173   69 78 61 0
174   63 71 60 0
175   65 66 68 0
176   85 70 57 0
177   85 76 68 0
178   73 76 58 0
179   64 92 58 0
180   77 71 61 0
181   52 77 58 0
182   75 70 42 0
183   57 74 55 1
184   63 93 60 0
185   74 77 69 0
186   70 70 56 0
187   68 70 48 0
188   65 69 55 0
189   72 76 56 0
190   82 62 55 0
191   58 79 79 0
192   65 80 63 0
193   66 76 58 0
194   70 74 48 0
195   83 74 56 0
196   64 70 48 0
197   76 76 63 0
198   68 70 54 0
199   69 78 49 0
200   65 74 52 0
201   78 68 60 0
202   60 77 52 0
203   84 95 52 0
204   71 61 74 0
205   62 76 46 0
206   74 67 61 0
207   72 67 63 0
208   85 67 57 0
209   66 60 56 0
210   60 83 52 0
211   81 72 68 0
212   66 70 48 0
213   75 80 31 0
214   61 71 59 0
215   72 58 56 0
216   71 69 58 0
217   64 74 49 0
218   70 78 53 0
219   71 77 45 0
220   58 82 47 0
221   76 61 53 0
222   75 64 55 0
223   73 59 52 0
224   73 55 49 0
225   70 65 40 0
226   68 68 43 0
227   77 72 61 0
228   55 47 51 0
229   59 69 57 0
230   67 65 50 0
231   81 57 44 0
232   73 46 58 0
233   56 78 49 0
234   79 64 42 0
235   68 57 42 0
236   67 54 29 0
237   62 58 46 0
238   51 52 44 0
239   80 67 41 0
240   54 65 48 0
241   71 68 39 0
242   64 61 37 0
243   67 57 46 0
244   61 58 43 0
245   61 62 44 0
246   49 59 36 0
247   71 46 33 0
248   61 47 45 0
249   71 45 43 0
250   61 54 45 0
251   54 73 40 0
252   56 63 36 0
253   69 60 44 0
254   55 53 42 0
255   73 48 38 0
256   56 51 56 0
257   65 57 40 0
258   57 48 44 0
259   57 65 41 0
260   47 58 46 0
261   54 50 43 0
262   58 55 37 0
263   61 55 40 0
264   62 58 40 0
265   59 51 36 0
266   62 68 41 0
267   49 47 34 0
268   56 34 34 0
269   59 51 34 0
270   80 61 37 0
271   51 47 41 0
272   71 44 40 0
273   56 66 32 0
274   57 48 40 0
275   54 47 35 0
276   62 53 40 0
277   51 51 33 0
278   62 57 42 0
279   66 37 44 0
280   54 42 34 0
281   41 51 49 0
282   49 39 36 0
283   65 39 32 0
284   48 45 35 0
285   49 46 40 0
286   36 43 43 0
287   54 43 36 0
288   46 32 28 0
289   49 31 24 0
290   49 37 36 0
291   50 40 32 0
292   47 37 44 0
293   48 49 37 0
294   44 45 43 0
295   46 37 42 0
296   43 38 28 0
297   48 34 32 0
298   45 30 28 0
299   50 33 19 0
300   40 31 29 0
301   50 35 30 0
302   33 40 28 0
303   49 34 34 0
304   41 44 29 0
305   44 40 35 0
306   47 28 44 0
307   31 39 28 0
308   39 40 34 0
309   44 33 27 0
310   47 32 30 0
311   35 38 34 0
312   52 30 34 0
313   28 37 22 0
314   55 34 23 0
315   33 31 32 0
316   32 28 32 0
317   41 30 31 0
318   38 35 37 0
319   51 36 32 0
320   52 31 29 0
321   48 38 27 0
322   38 27 29 0
323   45 20 24 0
324   39 28 28 0
325   33 41 28 0
326   30 30 38 0
327   33 32 28 0
328   31 28 32 0
329   44 29 25 0
330   30 36 32 0
331   36 28 36 0
332   38 21 29 0
333   39 16 35 0
334   26 18 29 0
335   16 21 27 0
336   35 25 27 0
337   33 29 21 0
338   28 28 24 0
339   28 30 30 0
340   27 20 25 0
341   35 32 30 0
342   38 19 24 0
343   36 25 19 0
344   25 24 39 0
345   35 25 16 0
346   25 33 24 0
347   34 27 34 0
348   31 17 23 0
349   29 20 25 0
350   19 23 18 0
351   24 17 21 0
352   25 23 25 0
353   37 13 20 0
354   36 28 29 0
355   28 20 29 0
356   26 21 25 0
357   28 24 30 0
358   23 29 25 0
359   20 18 31 0
360   22 15 30 0
361   30 26 25 0
362   30 16 26 0
363   23 18 25 0
364   26 20 33 0
365   21 19 20 0
366   30 16 16 0
367   17 23 31 0
368   31 20 9 0
369   30 18 29 0
370   26 16 11 0
371   24 15 21 0
372   17 26 22 0
373   19 25 16 0
374   22 21 35 0
375   28 17 30 0
376   23 24 19 0
377   16 28 22 0
378   23 17 16 0
379   18 14 28 0
380   25 28 14 0
381   16 14 21 0
382   15 15 23 0
383   17 26 24 0
384   21 15 20 0
385   22 17 19 0
386   18 16 22 0
387   14 8 21 0
388   12 13 22 0
389   22 13 22 0
390   25 12 20 0
391   24 22 17 0
392   14 15 16 0
393   17 19 21 0
394   20 19 13 0
395   24 24 14 0
396   12 17 20 0
397   16 17 19 0
398   22 11 18 0
399   12 9 15 0
400   65 41 68 0
401   55 50 75 0
402   69 55 80 0
403   53 51 68 0
404   56 43 63 0
405   56 50 65 0
406   52 41 58 0
407   65 45 73 0
408   41 41 58 0
409   47 37 55 0
410   54 43 55 0
411   55 42 64 0
412   50 38 60 0
413   41 36 47 0
414   30 30 51 0
415   38 39 56 0
416   42 29 50 0
417   38 26 50 0
418   41 24 56 0
419   29 19 54 1
420   30 27 44 0
421   27 34 45 0
422   32 20 34 0
423   26 15 40 0
424   31 21 38 0
425   20 23 25 0
426   21 13 33 0
427   24 12 34 0
428   16 14 31 0
429   19 19 37 0
430   17 15 33 0
431   27 25 26 0
432   26 12 33 0
433   22 12 30 0
434   19 12 26 0
435   15 17 25 0
436   14 8 27 0
437   18 17 18 0
438   17 15 29 0
439   17 16 20 0
440   20 16 25 0
441   17 10 22 0
442   22 9 24 0
443   14 12 24 0
444   13 12 18 0
445   8 12 21 0
446   17 11 20 0
447   12 6 22 0
448   17 13 16 0
449   13 6 18 0
450   9 7 14 0
451   12 12 14 0
452   12 4 15 0
453   9 11 19 0
454   12 9 13 0
455   16 9 15 0
456   12 3 13 0
457   12 6 16 0
458   5 11 15 0
459   6 4 19 0
460   17 10 15 0
461   1 9 16 0
462   8 8 8 0
463   4 5 16 0
464   10 6 11 0
465   3 7 9 0
466   5 6 13 0
467   10 5 9 0
468   8 5 11 0
469   8 6 14 0
470   4 7 9 0
471   7 6 8 0
472   6 5 4 0
473   7 7 12 0
474   6 2 9 0
475   8 4 8 0
476   3 9 7 0
477   8 4 8 0
478   10 1 6 0
479   7 5 9 0
480   5 7 13 0
481   6 3 8 0
482   6 3 4 0
483   3 5 5 0
484   2 5 9 0
485   4 1 6 0
486   5 2 6 0
487   8 4 7 0
488   2 3 4 0
489   7 9 4 0
490   6 3 6 0
491   5 3 8 0
492   6 3 7 0
493   4 3 8 0
494   1 1 5 0
495   0 5 3 0
496   0 5 8 0
497   6 4 6 0
498   4 5 6 0
499   3 2 3 0
500   4 2 11 0
501   4 3 3 0
502   3 2 2 0
503   3 4 8 0
504   1 3 11 0
505   2 3 7 0
506   3 4 2 0
507   6 2 5 0
508   1 3 4 0
509   3 4 4 0
510   5 2 5 0
511   2 3 2 0
512   5 2 1 0
513   5 4 8 0
514   0 0 0 0
515   1 0 2 0
516   6 5 2 0
517   1 6 3 0
518   2 3 4 0
519   3 3 5 0
520   4 2 3 0
521   1 0 7 0
522   5 1 5 0
523   1 2 5 0
524   3 5 6 0
525   0 2 3 0
526   1 1 3 0
527   1 1 5 0
528   1 1 2 0
529   2 2 2 0
530   2 2 5 0
531   0 1 4 0
532   2 1 5 0
533   2 1 4 0
534   0 0 4 0
535   1 1 2 0
536   2 4 2 0
537   0 1 1 0
538   3 5 2 0
539   4 4 1 0
540   0 5 3 0
541   0 0 4 0
542   2 0 3 0
543   1 1 3 0
544   3 0 0 0
545   4 1 2 0
546   4 0 2 0
547   1 0 4 0
548   1 2 3 0
549   2 2 1 0
550   2 0 3 0
551   2 1 1 0
552   0 0 5 0
553   1 0 2 0
554   1 0 3 0
555   0 1 1 0
556   0 1 0 0
557   1 1 1 0
558   2 0 1 0
559   0 1 1 0
560   0 0 4 0
561   1 0 0 0
562   0 1 2 0
563   2 1 0 0
564   3 1 2 0
565   0 2 1 0
566   1 0 1 0
567   0 1 0 0
568   2 0 1 0
569   1 0 0 0
570   1 1 0 0
571   2 1 2 0
572   1 2 2 0
573   3 0 1 0
574   0 0 2 0
575   1 2 2 0
576   1 0 2 0
577   3 3 0 0
578   1 0 0 0
579   0 0 1 0
580   0 0 0 0
581   3 1 2 0
582   1 0 1 0
583   0 2 2 0
584   1 0 0 0
585   2 2 4 0
586   0 2 1 0
587   3 0 1 0
588   1 1 2 0
589   0 1 2 0
590   1 2 2 0
591   2 0 0 0
592   2 1 1 0
593   1 0 1 0
594   0 1 2 0
595   2 0 0 0
596   0 2 2 0
597   0 0 0 0
598   0 1 0 0
599   0 0 3 0
Shape
0  10123 7147 -2611 1008
1  9602 6943 -3498 1131
2  9435 7241 -3507 1154
3  9781 6587 -2902 1069
4  9863 6783 -2462 1053
5  9880 6371 -3326 1065
6  9810 7044 -3609 1245
7  9819 7410 -2089 1180
8  9990 7537 -2026 1082
9  9983 6840 -2906 1087
10  9948 6564 -2195 1608
11  9355 6911 -2527 1931
12  9837 7362 -2102 2925
13  10176 6966 -1937 9154
14  10195 7248 -1148 22496
15  10211 7819 1808 30249
16  10791 7098 5294 30457
17  46778 24583 35021 23289
18  993387 571121 752957 15767
19  2079007 1573989 1430643 9404
20  2154408 1914329 1486169 5663
21  2022381 2023985 1427569 3432
22  1816329 1926930 1360182 1970
23  1623231 1718926 1286006 1426
24  1420799 1491158 1205115 1353
25  1229217 1300488 1100709 1202
26  1042238 1121214 980580 1273
27  858216 940243 834579 1324
28  725800 798998 720442 1324
29  612101 676405 617048 1397
30  517617 568002 523729 1352
31  431705 476355 446714 1394
32  364873 407298 374837 1329
33  306970 341170 323087 1493
34  257775 284951 268984 1339
35  216992 242857 236575 1325
36  183334 206983 193326 1286
37  156943 177595 162898 1254
38  132787 148575 139273 1266
39  113668 124193 117595 1247
40  98585 107277 98079 1291
41  83276 91791 80065 1275
42  72273 78752 70663 1369
43  62683 68831 57830 1256
44  55019 58901 46805 1311
45  48920 50333 40756 1426
46  43144 44468 34750 1370
47  36759 38752 28815 1366
48  32601 33027 23554 1281
49  29448 29762 19459 1292
50  25794 24766 15681 1143
51  23569 21715 12780 1260
52  20615 20160 11557 1167
53  18741 18635 10589 1064
54  18072 16295 7695 1147
55  16167 14228 5797 1169
56  15473 13040 5920 1108
57  14012 11699 3423 1011
58  13227 11070 2358 1053
59  12430 10726 370 1081
60  12197 10318 169 1037
61  10986 9763 -1144 992
62  10627 7845 -2661 1035
63  10342 7382 -2235 1237
64  10539 7455 -2388 1024
65  9095 7607 -3342 944
66  8323 6581 -3632 978
67  7932 5822 -3120 1189
68  8673 5519 -3890 1111
header: 
1446252 60 2 4120
======ssd: 
  entries: 255; peakmin/max: 142 1166; count under/over=0/18
   0 0
   1 0
   2 0
   3 0
   4 0
   5 0
   6 0
   7 0
   8 0
   9 0
  10 0
  11 0
  12 0
  13 0
  14 0
  15 0
  16 0
  17 0
  18 0
  19 0
  20 0
  21 0
  22 0
  23 0
  24 0
  25 0
  26 0
  27 0
  28 0
  29 0
  30 0
  31 0
  32 0
  33 0
  34 0
  35 0
  36 0
  37 0
  38 0
  39 0
  40 0
  41 0
  42 0
  43 0
  44 0
  45 0
  46 0
  47 0
  48 0
  49 0
  50 0
  51 0
  52 0
  53 0
  54 0
  55 0
  56 0
  57 0
  58 0
  59 0
  60 0
  61 0
  62 0
  63 0
  64 0
  65 0
  66 0
  67 0
  68 0
  69 0
  70 0
  71 0
  72 0
  73 0
  74 0
  75 0
  76 0
  77 0
  78 0
  79 0
  80 0
  81 0
  82 0
  83 0
  84 0
  85 0
  86 0
  87 0
  88 0
  89 0
  90 0
  91 0
  92 0
  93 0
  94 0
  95 0
  96 0
  97 0
  98 0
  99 0
 100 0
 101 0
 102 0
 103 0
 104 0
 105 0
 106 0
 107 0
 108 0
 109 0
 110 0
 111 0
 112 0
 113 0
 114 0
 115 0
 116 0
 117 0
 118 0
 119 0
 120 0
 121 0
 122 0
 123 0
 124 0
 125 0
 126 0
 127 0
 128 0
 129 0
 130 0
 131 0
 132 0
 133 0
 134 0
 135 0
 136 0
 137 0
 138 0
 139 0
 140 0
 141 0
 142 0
 143 0
 144 0
 145 0
 146 0
 147 0
 148 0
 149 0
 150 0
 151 0
 152 0
 153 0
 154 0
 155 0
 156 0
 157 0
 158 0
 159 0
 160 0
 161 0
 162 0
 163 0
 164 0
 165 0
 166 0
 167 0
 168 0
 169 0
 170 0
 171 0
 172 0
 173 0
 174 0
 175 0
 176 0
 177 0
 178 0
 179 0
 180 0
 181 0
 182 0
 183 0
 184 0
 185 0
 186 0
 187 0
 188 0
 189 0
 190 0
 191 0
 192 0
 193 0
 194 0
 195 0
 196 0
 197 0
 198 0
 199 0
 200 0
 201 0
 202 0
 203 0
 204 0
 205 0
 206 0
 207 0
 208 0
 209 0
 210 0
 211 0
 212 0
 213 0
 214 0
 215 0
 216 0
 217 0
 218 0
 219 0
 220 0
 221 0
 222 0
 223 0
 224 0
 225 0
 226 0
 227 0
 228 0
 229 0
 230 0
 231 0
 232 0
 233 0
 234 0
 235 0
 236 0
 237 0
 238 0
 239 0
 240 0
 241 0
 242 0
 243 0
 244 0
 245 0
 246 0
 247 0
 248 0
 249 0
 250 0
 251 0
 252 0
 253 0
 254 0
 255 0
 256 0
 257 0
 258 0
 259 0
 260 0
 261 0
 262 0
 263 0
 264 0
 265 0
 266 0
 267 0
 268 0
 269 0
 270 0
 271 0
 272 0
 273 0
 274 0
 275 0
 276 0
 277 0
 278 0
 279 0
 280 0
 281 0
 282 0
 283 0
 284 0
 285 0
 286 0
 287 0
 288 0
 289 0
 290 0
 291 0
 292 0
 293 0
 294 0
 295 0
 296 0
 297 0
 298 0
 299 0
 300 0
 301 0
 302 0
 303 0
 304 0
 305 0
 306 0
 307 0
 308 0
 309 0
 310 0
 311 0
 312 0
 313 0
 314 0
 315 0
 316 0
 317 0
 318 0
 319 0
 320 0
 321 0
 322 0
 323 0
 324 0
 325 0
 326 0
 327 0
 328 0
 329 0
 330 0
 331 0
 332 0
 333 0
 334 0
 335 0
 336 0
 337 0
 338 0
 339 0
 340 0
 341 0
 342 0
 343 0
 344 0
 345 0
 346 0
 347 0
 348 0
 349 0
 350 0
 351 0
 352 0
 353 0
 354 0
 355 0
 356 0
 357 0
 358 0
 359 0
 360 0
 361 0
 362 0
 363 0
 364 0
 365 0
 366 0
 367 0
 368 0
 369 0
 370 0
 371 0
 372 0
 373 0
 374 0
 375 0
 376 0
 377 0
 378 0
 379 0
 380 0
 381 0
 382 0
 383 0
 384 0
 385 0
 386 0
 387 0
 388 0
 389 0
 390 0
 391 0
 392 0
 393 0
 394 0
 395 0
 396 0
 397 0
 398 0
 399 0
 400 0
 401 1
 402 1
 403 2
 404 3
 405 2
 406 3
 407 0
 408 3
 409 2
 410 1
 411 2
 412 0
 413 2
 414 0
 415 3
 416 2
 417 0
 418 1
 419 3
 420 1
 421 2
 422 0
 423 3
 424 0
 425 2
 426 0
 427 1
 428 0
 429 0
 430 0
 431 0
 432 0
 433 1
 434 1
 435 2
 436 2
 437 1
 438 1
 439 3
 440 1
 441 0
 442 0
 443 2
 444 3
 445 2
 446 1
 447 0
 448 3
 449 0
 450 3
 451 2
 452 1
 453 0
 454 2
 455 2
 456 1
 457 2
 458 0
 459 3
 460 1
 461 0
 462 3
 463 0
 464 2
 465 1
 466 2
 467 1
 468 0
 469 0
 470 1
 471 2
 472 0
 473 0
 474 1
 475 2
 476 1
 477 0
 478 0
 479 1
 480 4
 481 0
 482 1
 483 1
 484 0
 485 0
 486 0
 487 1
 488 0
 489 0
 490 2
 491 0
 492 0
 493 0
 494 0
 495 0
 496 0
 497 2
 498 3
 499 2
 500 0
 501 1
 502 0
 503 2
 504 1
 505 0
 506 1
 507 0
 508 1
 509 2
 510 0
 511 0
 512 2
 513 0
 514 1
 515 1
 516 0
 517 1
 518 0
 519 2
 520 0
 521 2
 522 1
 523 0
 524 1
 525 2
 526 2
 527 0
 528 1
 529 1
 530 0
 531 1
 532 3
 533 1
 534 0
 535 0
 536 0
 537 1
 538 1
 539 0
 540 0
 541 0
 542 1
 543 1
 544 1
 545 0
 546 0
 547 0
 548 1
 549 1
 550 0
 551 1
 552 0
 553 1
 554 0
 555 0
 556 0
 557 1
 558 2
 559 1
 560 0
 561 1
 562 0
 563 1
 564 0
 565 1
 566 1
 567 0
 568 0
 569 0
 570 0
 571 0
 572 0
 573 0
 574 0
 575 1
 576 0
 577 0
 578 0
 579 0
 580 0
 581 0
 582 0
 583 1
 584 1
 585 0
 586 0
 587 0
 588 0
 589 1
 590 1
 591 1
 592 0
 593 1
 594 1
 595 0
 596 2
 597 1
 598 0
 599 1
 600 0
 601 0
 602 1
 603 0
 604 0
 605 0
 606 0
 607 0
 608 0
 609 0
 610 1
 611 0
 612 3
 613 0
 614 0
 615 0
 616 0
 617 0
 618 1
 619 1
 620 0
 621 0
 622 0
 623 2
 624 0
 625 0
 626 0
 627 0
 628 0
 629 0
 630 0
 631 0
 632 0
 633 0
 634 0
 635 0
 636 0
 637 1
 638 0
 639 0
 640 1
 641 0
 642 0
 643 0
 644 1
 645 1
 646 0
 647 0
 648 0
 649 0
 650 0
 651 0
 652 0
 653 1
 654 0
 655 0
 656 0
 657 0
 658 1
 659 0
 660 0
 661 0
 662 0
 663 2
 664 1
 665 0
 666 0
 667 0
 668 0
 669 1
 670 0
 671 0
 672 0
 673 0
 674 0
 675 2
 676 0
 677 0
 678 0
 679 0
 680 0
 681 0
 682 1
 683 0
 684 0
 685 0
 686 0
 687 0
 688 0
 689 0
 690 0
 691 0
 692 1
 693 0
 694 0
 695 1
 696 0
 697 0
 698 1
 699 0
 700 0
 701 0
 702 0
 703 1
 704 1
 705 1
 706 0
 707 0
 708 1
 709 0
 710 0
 711 0
 712 0
 713 0
 714 0
 715 0
 716 0
 717 0
 718 0
 719 1
 720 1
 721 0
 722 0
 723 0
 724 0
 725 0
 726 1
 727 0
 728 0
 729 0
 730 1
 731 1
 732 0
 733 0
 734 0
 735 0
 736 0
 737 0
 738 1
 739 0
 740 0
 741 0
 742 0
 743 0
 744 0
 745 0
 746 1
 747 0
 748 0
 749 1
 750 0
 751 0
 752 0
 753 0
 754 0
 755 0
 756 0
 757 0
 758 0
 759 0
 760 0
 761 1
 762 0
 763 1
 764 0
 765 0
 766 0
 767 0
 768 0
 769 0
 770 0
 771 0
 772 0
 773 0
 774 0
 775 0
 776 0
 777 0
 778 0
 779 0
 780 0
 781 0
 782 1
 783 1
 784 0
 785 1
 786 0
 787 0
 788 0
 789 0
 790 0
 791 0
 792 0
 793 0
 794 0
 795 0
 796 1
 797 0
 798 0
 799 0
 800 0
 801 1
 802 0
 803 0
 804 1
 805 0
 806 0
 807 1
 808 0
 809 0
 810 1
 811 0
 812 0
 813 0
 814 0
 815 0
 816 0
 817 0
 818 0
 819 0
 820 0
 821 1
 822 0
 823 1
 824 0
 825 0
 826 0
 827 0
 828 0
 829 0
 830 0
 831 0
 832 0
 833 0
 834 0
 835 0
 836 0
 837 0
 838 0
 839 0
 840 0
 841 0
 842 0
 843 1
 844 0
 845 0
 846 0
 847 0
 848 0
 849 0
 850 0
 851 1
 852 0
 853 1
 854 0
 855 0
 856 0
 857 0
 858 0
 859 0
 860 0
 861 0
 862 0
 863 0
 864 0
 865 0
 866 0
 867 0
 868 0
 869 1
 870 0
 871 0
 872 0
 873 0
 874 0
 875 0
 876 0
 877 0
 878 0
 879 0
 880 0
 881 0
 882 0
 883 0
 884 0
 885 0
 886 0
 887 0
 888 0
 889 1
 890 0
 891 0
 892 0
 893 0
 894 0
 895 0
 896 0
 897 0
 898 0
 899 0
 900 0
 901 0
 902 0
 903 0
 904 0
 905 0
 906 0
 907 1
 908 0
 909 2
 910 0
 911 0
 912 0
 913 0
 914 0
 915 0
 916 0
 917 0
 918 0
 919 0
 920 0
 921 0
 922 0
 923 0
 924 0
 925 0
 926 0
 927 0
 928 0
 929 0
 930 0
 931 0
 932 0
 933 0
 934 0
 935 1
 936 2
 937 0
 938 0
 939 0
 940 1
 941 0
 942 0
 943 1
 944 0
 945 0
 946 0
 947 0
 948 0
 949 0
 950 0
 951 0
 952 0
 953 0
 954 0
 955 0
 956 0
 957 0
 958 0
 959 0
 960 0
 961 0
 962 0
 963 0
 964 0
 965 0
 966 1
 967 0
 968 0
 969 0
 970 0
 971 0
 972 0
 973 0
 974 0
 975 0
 976 0
 977 0
 978 0
 979 0
 980 0
 981 0
 982 0
 983 1
 984 0
 985 0
 986 0
 987 0
 988 0
 989 0
 990 0
 991 0
 992 0
 993 0
 994 0
 995 0
 996 0
 997 0
 998 0
 999 0
1000 0
1001 0
1002 0
1003 0
1004 0
1005 0
1006 0
1007 0
1008 0
1009 0
1010 0
1011 0
1012 1
1013 0
1014 0
1015 0
1016 0
1017 0
1018 0
1019 0
1020 0
1021 0
1022 0
1023 0
