# /media/filip/Drive/XY/2023nov/cal_m08_012822_2023-11-15.02-11.root
# analyzed at 2024-11-17 18:43 on debian
# spherCalib: 2.37507e+09
# pixel calibConst adcSum stdCalib calibConstCorr
# nEvents 1567
1 2.78449 1.03037e+08 0 2.8389350403386233
2 2.69174 1.06035e+08 0 2.763424555001662
3 3.10909 9.19394e+07 0 3.1983978867148486
4 2.7768 1.02892e+08 0 2.8541771096549846
5 3.13821 9.11796e+07 0 3.2252017016457497
6 3.11227 9.17971e+07 0 3.203214464214038
7 3.32979 8.59532e+07 0 3.446281854354543
8 2.89525 9.85993e+07 0 2.9902056017011205
9 2.77641 1.03257e+08 0 2.882830431054508
10 3.20157 8.91775e+07 0 3.3076474170000973
11 3.01564 9.50209e+07 0 3.1135039974923933
12 2.97804 9.59467e+07 0 3.0807085916621135
13 3.21622 8.88312e+07 0 3.32258485783361
14 3.44145 8.28216e+07 0 3.5650052211821164
15 3.05795 9.36975e+07 0 3.171865717817047
16 3.01853 9.45481e+07 0 3.118521074752651
17 2.89955 9.88301e+07 0 3.0045394607818445
18 2.98332 9.5597e+07 0 3.0827062238795566
19 3.15049 9.07922e+07 0 3.263774202056695
20 3.14926 9.07113e+07 0 3.2678907730719957
21 2.98479 9.60077e+07 0 3.100259060342243
22 2.74447 1.0408e+08 0 2.846825700401328
23 3.20895 8.9724e+07 0 3.2581272838463367
24 3.24893 8.85907e+07 0 3.3075683859309004
25 3.4607 8.31524e+07 0 3.5435576040939925
26 3.4402 8.35613e+07 0 3.523344244942484
27 3.21279 8.97048e+07 0 3.3026453744982898
28 3.3976 8.45102e+07 0 3.512460744040759
29 2.81248 1.0251e+08 0 2.898577385985386
30 3.01579 9.52216e+07 0 3.1078557111762684
31 2.90725 9.9032e+07 0 3.009177661430327
32 2.96743 9.66652e+07 0 3.060338888560381
33 2.97647 9.68573e+07 0 3.075878465585943
34 2.709 1.06031e+08 0 2.812964153804577
35 3.13743 9.18266e+07 0 3.2344763496668945
36 2.85578 1.00726e+08 0 2.961259755359338
37 3.27134 8.80959e+07 0 3.3919127680729435
38 2.99975 9.57858e+07 0 3.119570653574633
39 2.73228 1.05327e+08 0 2.837888521646609
40 3.28974 8.72947e+07 0 3.4158777867084322
41 2.89859 9.93813e+07 0 3.007465964181047
42 3.03897 9.46929e+07 0 3.1595967100828664
43 2.89315 9.94971e+07 0 3.011045895003241
44 3.30066 8.70961e+07 0 3.4341170186042516
45 3.02934 9.55824e+07 0 3.085455021934632
46 3.27367 8.84114e+07 0 3.3609459256337995
47 3.32615 8.71567e+07 0 3.4066314143357754
48 3.39096 8.51797e+07 0 3.484279249415681
49 3.32429 8.71814e+07 0 3.448215873649746
50 3.262 8.85274e+07 0 3.3614790149462532
51 2.89983 9.98915e+07 0 3.004219475471818
52 2.8524 1.01198e+08 0 2.9664107026228366
53 3.39649 8.52652e+07 0 3.5132727110982924
54 3.01082 9.60457e+07 0 3.1185585290549014
55 2.89453 1.00097e+08 0 3.006570589222279
56 2.96007 9.76345e+07 0 3.0878296037638004
57 2.98307 9.70451e+07 0 3.0906131477497993
58 2.78506 1.03772e+08 0 2.8949737614605335
59 3.23662 8.94276e+07 0 3.3703784620824324
60 3.12589 9.25828e+07 0 3.254284038686132
61 2.99509 9.68288e+07 0 3.117380636574513
62 2.61822 1.1045e+08 0 2.723147494026042
63 2.94383 9.85079e+07 0 3.0573420311807062
64 2.80085 1.03162e+08 0 2.9048599423412695
65 3.47197 8.34902e+07 0 3.5948852073623314
66 2.96824 9.74252e+07 0 3.0942837780925276
67 3.26325 8.91827e+07 0 3.340049885384123
68 3.26413 8.89098e+07 0 3.3414485114928243
69 2.89262 1.00547e+08 0 2.974387779957086
70 2.85439 1.01673e+08 0 2.939036031369555
71 2.94657 9.85871e+07 0 3.0322802170059573
72 3.0427 9.53284e+07 0 3.1547591003310393
73 2.82546 1.02809e+08 0 2.9276879618628633
74 3.09737 9.37637e+07 0 3.196587618531828
75 3.4547 8.42793e+07 0 3.603351932737332
76 2.81746 1.03107e+08 0 2.919270714507056
77 3.02446 9.617e+07 0 3.150630406609214
78 3.25457 8.93715e+07 0 3.3701054562963577
79 2.69676 1.07877e+08 0 2.800956856955889
80 2.95051 9.84384e+07 0 3.069265329956622
81 3.21856 9.03363e+07 0 3.354824966078073
82 2.68747 1.08036e+08 0 2.7986758981678244
83 2.69635 1.07739e+08 0 2.806129997640723
84 3.04729 9.5221e+07 0 3.1567286900902505
85 3.1059 9.36816e+07 0 3.238023939240039
86 3.14182 9.25446e+07 0 3.272321039652712
87 3.10374 9.37268e+07 0 3.237602450361496
88 2.69592 1.07624e+08 0 2.810740056555685
89 2.97504 9.80891e+07 0 3.0513781842694314
90 3.01223 9.67609e+07 0 3.1027456745160764
91 3.29105 8.87317e+07 0 3.38091281926445
92 2.97058 9.82235e+07 0 3.05358838769191
93 3.20257 9.13156e+07 0 3.30976879836909
94 2.49309 1.16949e+08 0 2.5720688326688737
95 3.38525 8.6306e+07 0 3.4991947985155902
96 2.89001 1.00905e+08 0 2.9975229855719316
97 2.72565 1.07162e+08 0 2.8375864857210673
98 2.75293 1.05749e+08 0 2.866122079707213
99 3.22875 9.03057e+07 0 3.370317413232781
100 3.4114 8.54172e+07 0 3.5538133947811708
101 3.52733 8.27006e+07 0 3.678050494290296
102 3.29228 8.84388e+07 0 3.4401595927899646
103 2.80722 1.03912e+08 0 2.9289558742312582
104 2.94391 9.90126e+07 0 3.066085870185954
105 2.86447 1.01851e+08 0 2.990535528704386
106 2.3231 1.25501e+08 0 2.419572038375228
107 2.73008 1.07095e+08 0 2.8442641661467887
108 2.56502 1.13742e+08 0 2.680396591664059
109 2.49515 1.1724e+08 0 2.6027782220975655
110 3.41666 8.52485e+07 0 3.5639426661579554
111 3.05938 9.57553e+07 0 3.1326060105096745
112 3.22911 9.04627e+07 0 3.3059839632406605
113 3.3075 8.86173e+07 0 3.4102648612678417
114 3.3514 8.71985e+07 0 3.4637962121234245
115 3.25176 9.0139e+07 0 3.3622345011161556
116 3.25733 8.99033e+07 0 3.3691871398036795
117 2.96449 9.87534e+07 0 3.067827519394695
118 3.58486 8.14967e+07 0 3.709852350722932
119 2.99366 9.80073e+07 0 3.1103832457797447
120 3.1004 9.43972e+07 0 3.2202350500379553
121 2.9632 9.9108e+07 0 3.089495356547679
122 2.36277 1.23619e+08 0 2.4566421884454694
123 3.29215 8.90136e+07 0 3.4348521894288173
124 2.71798 1.0744e+08 0 2.8277873723872404
125 2.83435 1.03301e+08 0 2.9588560760158225
126 3.01725 9.72374e+07 0 3.148421909640933
127 2.68808 1.08981e+08 0 2.820621177615008
128 2.84769 1.02525e+08 0 2.9828354394958256
129 2.98568 9.81036e+07 0 3.1173994300678434
130 3.07523 9.51209e+07 0 3.2096702216045263
131 3.39222 8.63145e+07 0 3.548614832815609
132 3.12498 9.36936e+07 0 3.2699146601678994
133 2.78512 1.05378e+08 0 2.8430574128713855
134 2.8981 1.01307e+08 0 2.978102217093661
135 3.39961 8.64927e+07 0 3.5121343618891485
136 3.3473 8.748e+07 0 3.4586968437027092
137 2.85012 1.03142e+08 0 2.9454083675671145
138 2.76361 1.05966e+08 0 2.8568101141829016
139 3.06783 9.59411e+07 0 3.1741424291688802
140 3.12197 9.38994e+07 0 3.233589528687172
141 3.10169 9.44038e+07 0 3.2267737466892186
142 3.34377 8.76336e+07 0 3.491673064804333
143 3.22687 9.10894e+07 0 3.366259985634426
144 3.22613 9.09127e+07 0 3.368318962994224
145 3.5081 8.36145e+07 0 3.659514698298331
146 3.16837 9.24842e+07 0 3.303886509853874
147 3.22542 9.10911e+07 0 3.37221030634023
148 3.41695 8.581e+07 0 3.5785975389006865
149 2.78357 1.05562e+08 0 2.9084160260129788
150 3.55677 8.23715e+07 0 3.720096755921879
151 3.40848 8.62419e+07 0 3.5691055178641267
152 3.93524 7.44992e+07 0 4.122694205088877
153 3.4689 8.4619e+07 0 3.6351965185763238
154 3.26278 9.00297e+07 0 3.4005905431289003
155 3.02669 9.73492e+07 0 3.098435746710497
156 3.54995 8.2748e+07 0 3.641361130856097
157 3.2685 8.98929e+07 0 3.36771933761167
158 3.17232 9.26299e+07 0 3.2798342185220086
159 3.13266 9.38902e+07 0 3.24372285025278
160 3.42738 8.5726e+07 0 3.5412042039171814
161 3.09568 9.51168e+07 0 3.216339063865437
162 3.06054 9.60746e+07 0 3.177970388551687
163 3.34491 8.7871e+07 0 3.476182928337873
164 3.01704 9.72349e+07 0 3.142736553196838
165 3.12185 9.427e+07 0 3.2499489737181633
166 3.07077 9.56305e+07 0 3.1951675821023677
167 2.39809 1.22667e+08 0 2.5100398038838563
168 2.97687 9.88463e+07 0 3.108269438801725
169 2.56219 1.14837e+08 0 2.687984725098675
170 2.8605 1.02769e+08 0 2.9943188081473853
171 3.24431 9.06373e+07 0 3.397116702292547
172 3.48903 8.43259e+07 0 3.6608271129059426
173 2.24373 1.3116e+08 0 2.352320847113262
174 2.69971 1.0879e+08 0 2.8244088704504033
175 3.4325 8.56414e+07 0 3.6010315575696166
176 3.37763 8.69635e+07 0 3.5459074334437566
177 3.13696 9.39129e+07 0 3.229765685414458
178 3.18346 9.23986e+07 0 3.2746100441123995
179 2.86922 1.02817e+08 0 2.9619585318197177
180 3.44402 8.55117e+07 0 3.540272717096122
181 3.17073 9.28089e+07 0 3.285182382900521
182 2.96135 9.94687e+07 0 3.0660663964505153
183 3.51505 8.38138e+07 0 3.6457741879811056
184 3.4416 8.55018e+07 0 3.587613151518704
185 3.35347 8.78711e+07 0 3.490944827503756
186 3.55105 8.29265e+07 0 3.6954023396878464
187 2.89787 1.01614e+08 0 3.0265925521130104
188 3.14767 9.35518e+07 0 3.2843801032365754
189 2.91286 1.01165e+08 0 3.033388983473767
190 3.3896 8.69084e+07 0 3.5455245302091445
191 3.05826 9.62902e+07 0 3.2033115036617947
192 3.41453 8.6228e+07 0 3.5697600976091466
193 2.63178 1.11943e+08 0 2.7520941665627894
194 3.36689 8.75348e+07 0 3.5230108589666527
195 3.06819 9.59437e+07 0 3.209955929991104
196 2.93602 1.00401e+08 0 3.084881360533163
197 3.21718 9.16369e+07 0 3.377048539069254
198 2.84861 1.03281e+08 0 2.9876659715998213
199 3.33342 8.83859e+07 0 3.385615602873515
200 3.42077 8.60696e+07 0 3.518017850349106
201 3.18681 9.24172e+07 0 3.2781363999910456
202 2.94466 1.0023e+08 0 3.052297439436452
203 2.82513 1.04543e+08 0 2.9100194666609513
204 2.92201 1.00865e+08 0 3.0252029571910497
205 3.51174 8.36823e+07 0 3.637493597716968
206 3.45502 8.52085e+07 0 3.5898633223554612
207 3.37416 8.72645e+07 0 3.497874240658
208 3.19162 9.21013e+07 0 3.3259084202214635
209 3.13162 9.4142e+07 0 3.2569621650609695
210 2.95207 9.9583e+07 0 3.08708074249575
211 2.6334 1.11838e+08 0 2.7560118395567765
212 3.2631 9.0431e+07 0 3.4195549425174363
213 3.26823 9.00591e+07 0 3.4175254269082167
214 3.19284 9.2149e+07 0 3.3276646665578182
215 3.07324 9.59467e+07 0 3.2082233080762377
216 2.94716 9.99359e+07 0 3.0774663186113487
217 3.02761 9.72808e+07 0 3.159249000581432
218 3.02019 9.74588e+07 0 3.150610391219976
219 3.26472 9.01606e+07 0 3.409927290709476
220 3.3148 8.89086e+07 0 3.4492400717925347
221 3.04444 9.6789e+07 0 3.0984194331276376
222 3.48322 8.45374e+07 0 3.5762788104227776
223 2.86633 1.0272e+08 0 2.940955124199441
224 3.02653 9.74525e+07 0 3.1110619082467483
225 3.41541 8.62083e+07 0 3.531584929798914
226 3.38179 8.71254e+07 0 3.4944029238331513
227 3.23311 9.12425e+07 0 3.3500625179908505
228 3.27787 8.98159e+07 0 3.408463399962373
229 3.29002 8.94425e+07 0 3.4130288310891963
230 3.52565 8.36046e+07 0 3.666023411827418
231 3.48789 8.43586e+07 0 3.642707742321596
232 3.09647 9.52151e+07 0 3.2245761610006305
233 3.44907 8.5289e+07 0 3.6106781015941083
234 2.67912 1.10113e+08 0 2.796721696239524
235 2.73801 1.07395e+08 0 2.858773150847684
236 3.28949 8.9486e+07 0 3.4314607938511994
237 3.02632 9.72127e+07 0 3.164500032684642
238 3.09816 9.50081e+07 0 3.225715954393208
239 2.74749 1.07077e+08 0 2.864761066972306
240 3.14398 9.35681e+07 0 3.2775094985644837
241 2.93567 1.00322e+08 0 3.067654404807959
242 3.0759 9.56096e+07 0 3.187979910739391
243 3.33775 8.80577e+07 0 3.397174963977779
244 2.64852 1.11157e+08 0 2.7164130930345864
245 2.60234 1.13036e+08 0 2.6678814081945403
246 3.3467 8.79496e+07 0 3.4494595259877534
247 3.42501 8.60286e+07 0 3.5396571258120564
248 3.41234 8.62036e+07 0 3.5217320055928014
249 3.04741 9.64213e+07 0 3.159057833719552
250 2.57516 1.14292e+08 0 2.6772432997449416
251 3.00829 9.76081e+07 0 3.1219426899263856
252 3.39081 8.67924e+07 0 3.523054380281203
253 2.87735 1.02359e+08 0 2.998339624030906
254 2.94884 9.9771e+07 0 3.06820513899226
255 2.84945 1.03152e+08 0 2.96705150511806
256 3.04661 9.64163e+07 0 3.178610599353288
257 3.38039 8.68985e+07 0 3.5322279796502936
258 3.59201 8.1941e+07 0 3.750722711605711
259 3.25634 9.03827e+07 0 3.401330277758597
260 3.21835 9.12864e+07 0 3.3696292744653755
261 3.11039 9.47283e+07 0 3.2502018933597774
262 2.92866 1.00526e+08 0 3.052768971309337
263 2.8432 1.03357e+08 0 2.957688509462248
264 2.97241 9.90358e+07 0 3.094881750165609
265 2.91527 1.00904e+08 0 2.963648558250326
266 2.70578 1.09003e+08 0 2.7626355642462057
267 3.18312 9.24148e+07 0 3.265021839198246
268 3.30309 8.89637e+07 0 3.4078435095222837
269 2.86916 1.02118e+08 0 2.9436768595948224
270 3.65831 8.02408e+07 0 3.779126734791535
271 2.9374 1.00059e+08 0 3.0249622778429903
272 2.83897 1.03547e+08 0 2.943208671938911
273 2.91374 1.00791e+08 0 3.0202761726710263
274 3.42376 8.58098e+07 0 3.562704010936588
275 2.83032 1.03699e+08 0 2.955635635328999
276 3.23941 9.06374e+07 0 3.380611801012076
277 2.94529 9.96865e+07 0 3.0688197560092094
278 3.44172 8.54563e+07 0 3.6076458972438927
279 3.57595 8.21638e+07 0 3.7293597513214487
280 2.9152 1.00704e+08 0 3.0453536612939396
281 3.30354 8.88608e+07 0 3.4580644905525726
282 3.27657 8.96391e+07 0 3.4219738376800786
283 3.43352 8.54599e+07 0 3.5848165906778524
284 3.2003 9.20742e+07 0 3.337152320586319
285 3.40055 8.62127e+07 0 3.5409662209223027
286 3.16541 9.28267e+07 0 3.288557413759234
287 2.98016 9.82162e+07 0 3.028227319985007
288 3.49621 8.38543e+07 0 3.5634763041545474
289 2.63005 1.11415e+08 0 2.6920483422900325
290 3.13215 9.35999e+07 0 3.22216847971816
291 3.09656 9.46827e+07 0 3.1871759650540685
292 3.0211 9.69228e+07 0 3.112736710499529
293 3.20728 9.13434e+07 0 3.3251704510578293
294 2.9195 1.00265e+08 0 3.022949740351545
295 3.31903 8.83544e+07 0 3.431674773475971
296 2.8078 1.04424e+08 0 2.904431568736659
297 3.57154 8.20397e+07 0 3.70895760077236
298 3.18051 9.2119e+07 0 3.299494978520166
299 3.26343 8.99591e+07 0 3.3965983372108997
300 3.40456 8.63661e+07 0 3.563110659368575
301 3.55763 8.23595e+07 0 3.714815284251528
302 3.2998 8.90148e+07 0 3.4374145050608425
303 3.1907 9.172e+07 0 3.3161422774955
304 3.05805 9.59667e+07 0 3.191492660135002
305 3.03632 9.65694e+07 0 3.1661542076033595
306 3.22637 9.09323e+07 0 3.3592999020919936
307 3.18322 9.21012e+07 0 3.3134490716130087
308 3.40627 8.61859e+07 0 3.5510422260196046
309 2.92044 9.99626e+07 0 2.9561975834060084
310 3.32111 8.8255e+07 0 3.38441897513855
311 3.04646 9.57081e+07 0 3.1185139196328717
312 3.11264 9.40892e+07 0 3.1841406831186925
313 3.58473 8.148e+07 0 3.660101285237045
314 2.96664 9.86464e+07 0 3.062247707704536
315 3.22019 9.07288e+07 0 3.32791013870717
316 3.18966 9.17448e+07 0 3.310217622800299
317 3.19355 9.13889e+07 0 3.2950537764505237
318 2.6431 1.10707e+08 0 2.7355442921534254
319 3.1542 9.26598e+07 0 3.2648468857364477
320 3.27638 8.93313e+07 0 3.398233389650394
321 3.27648 8.90564e+07 0 3.404595335129843
322 2.95674 9.89248e+07 0 3.0673230100429363
323 2.89941 1.00748e+08 0 3.0067545762787673
324 2.90665 1.00541e+08 0 3.0331456288865515
325 3.56263 8.18482e+07 0 3.703610504162559
326 3.25589 8.99769e+07 0 3.390028050107597
327 3.25787 8.96264e+07 0 3.3986714297244243
328 3.02381 9.68013e+07 0 3.1571795237759375
329 3.00194 9.72564e+07 0 3.125768595199974
330 2.97789 9.8242e+07 0 3.111120338641744
331 3.06942 9.50636e+07 0 3.098194086578269
332 2.88811 1.0093e+08 0 2.939220367751881
333 3.30139 8.81368e+07 0 3.3755392865132507
334 3.05788 9.53147e+07 0 3.118934366881717
335 3.08717 9.4271e+07 0 3.161122218202243
336 3.45861 8.43023e+07 0 3.560352577856257
337 3.32952 8.72629e+07 0 3.424420777700776
338 3.04697 9.54002e+07 0 3.138010287184193
339 3.48826 8.33026e+07 0 3.5987476729956906
340 3.223 9.04303e+07 0 3.3239864906647605
341 3.0974 9.39413e+07 0 3.2083801365786733
342 2.71844 1.0712e+08 0 2.82303554978099
343 2.87879 1.0093e+08 0 2.996762472287272
344 2.96658 9.82582e+07 0 3.0916280059862906
345 2.95101 9.8564e+07 0 3.066954199545021
346 3.13193 9.30526e+07 0 3.2721845757999235
347 3.08801 9.41132e+07 0 3.2202359171921224
348 3.10394 9.38318e+07 0 3.2375239054547778
349 3.417 8.51165e+07 0 3.5770124499546236
350 3.08059 9.47076e+07 0 3.2123815966375444
351 2.86899 1.01213e+08 0 2.9951792213307997
352 3.34599 8.6971e+07 0 3.4965212994835007
353 2.83705 1.02102e+08 0 2.8758078440332127
354 2.69047 1.07788e+08 0 2.7334277633963473
355 2.65975 1.0884e+08 0 2.702828080761889
356 2.96264 9.78462e+07 0 3.0282100447221785
357 2.87937 1.00419e+08 0 2.9426156241821
358 3.32644 8.72712e+07 0 3.412283795156389
359 2.52524 1.14762e+08 0 2.586725322213357
360 3.22369 8.98879e+07 0 3.2950947970310773
361 2.81445 1.02912e+08 0 2.898251365247715
362 3.21306 9.03436e+07 0 3.33198761552555
363 2.73376 1.06064e+08 0 2.8346819401545478
364 3.29639 8.80713e+07 0 3.4224164822407905
365 3.36222 8.60844e+07 0 3.49743392930745
366 3.17853 9.14076e+07 0 3.312339223551888
367 3.30787 8.73911e+07 0 3.4386126193162485
368 3.27687 8.85268e+07 0 3.400166844698919
369 3.3569 8.61276e+07 0 3.501506003503237
370 2.89071 1.00544e+08 0 3.0262985146815065
371 3.05826 9.48138e+07 0 3.1829744519664582
372 2.80652 1.03377e+08 0 2.923096319544596
373 2.94333 9.85833e+07 0 3.067801927783558
374 3.58536 8.09561e+07 0 3.7541685106123954
375 3.13267 9.20177e+07 0 3.1594743085192927
376 2.53797 1.13893e+08 0 2.584906950717521
377 2.9264 9.83947e+07 0 2.976125668377075
378 3.19454 9.04568e+07 0 3.2628706686839184
379 3.08136 9.36211e+07 0 3.1494521416242796
380 2.75041 1.05022e+08 0 2.819572666968998
381 2.92021 9.87667e+07 0 3.0043634381704374
382 2.90924 9.9255e+07 0 2.9913687794953043
383 3.13171 9.21406e+07 0 3.234501569656931
384 2.7171 1.06274e+08 0 2.8076854316449635
385 2.70968 1.06522e+08 0 2.8106335008810786
386 2.98545 9.68016e+07 0 3.089479667465885
387 2.97859 9.67331e+07 0 3.0952704775846795
388 2.81049 1.02921e+08 0 2.9138340038204333
389 3.38938 8.48969e+07 0 3.5220768326142093
390 2.77593 1.04181e+08 0 2.891201154245105
391 3.1418 9.1696e+07 0 3.273731661308117
392 3.08765 9.36179e+07 0 3.225575176090596
393 2.48502 1.15978e+08 0 2.5881769404247974
394 3.13495 9.20461e+07 0 3.289195487615717
395 3.17468 9.07723e+07 0 3.327324080519509
396 3.05375 9.46931e+07 0 3.1985028157064055
397 2.91286 9.82503e+07 0 2.939417663203151
398 3.05298 9.41447e+07 0 3.101438082541418
399 2.98975 9.5979e+07 0 3.0393611810741716
400 2.75089 1.04511e+08 0 2.816963139517739
401 3.02192 9.47074e+07 0 3.085052132564453
402 3.17006 9.05149e+07 0 3.2472069434103115
403 2.82962 1.01153e+08 0 2.906015874644012
404 2.81446 1.02115e+08 0 2.8994498363176033
405 3.00427 9.53013e+07 0 3.093088089836878
406 2.96593 9.69159e+07 0 3.070923882683209
407 2.66533 1.07586e+08 0 2.7629707935308554
408 3.27755 8.76672e+07 0 3.3947415310655233
409 2.67911 1.06829e+08 0 2.771486113001818
410 2.63147 1.0921e+08 0 2.7315159728164184
411 2.81687 1.01612e+08 0 2.9279954426460173
412 2.81266 1.02211e+08 0 2.924633414193399
413 2.95705 9.67677e+07 0 3.079914984178557
414 2.96504 9.70154e+07 0 3.087190588987944
415 3.07874 9.28874e+07 0 3.202958505590868
416 3.02891 9.4934e+07 0 3.1787818248366833
417 2.96152 9.66628e+07 0 3.08616934671187
418 2.99378 9.60697e+07 0 3.133667552864339
419 3.00714 9.47894e+07 0 3.0280775694838713
420 2.7313 1.04385e+08 0 2.756140168062817
421 2.86711 9.92994e+07 0 2.891897868911148
422 3.01747 9.45393e+07 0 3.0630340296016167
423 2.76003 1.03096e+08 0 2.8066674132375478
424 3.19986 8.90963e+07 0 3.2619909202217934
425 2.92481 9.72432e+07 0 2.9921991873634934
426 2.49165 1.14602e+08 0 2.5483040793347094
427 2.78903 1.01966e+08 0 2.852623235468521
428 3.08474 9.25215e+07 0 3.1686449753475654
429 3.07551 9.25518e+07 0 3.1770711364231707
430 2.90598 9.84052e+07 0 2.985615470183163
431 2.81198 1.01151e+08 0 2.8918645238235747
432 2.73789 1.04307e+08 0 2.831300631921724
433 2.76705 1.02772e+08 0 2.8533771472588194
434 2.48929 1.14707e+08 0 2.576907811998412
435 2.89567 9.822e+07 0 2.9992315627069166
436 2.99664 9.50549e+07 0 3.106579745787934
437 3.12324 9.09772e+07 0 3.242998566615836
438 3.07313 9.30267e+07 0 3.2030949230595196
439 2.82386 1.0084e+08 0 2.9353827778710673
440 2.72308 1.04952e+08 0 2.83996822824285
