# /media/filip/Drive/XY/2023nov/cal_m08_012822_2023-11-15.02-11.root
# analyzed at 2024-11-17 18:44 on debian
# spherCalib: 2.37507e+09
# pixel calibConst adcSum stdCalib calibConstCorr
# nEvents 1567
1 3.18227 1.03037e+08 0 3.244492819445712
2 3.07627 1.06035e+08 0 3.158195091582012
3 3.55324 9.19394e+07 0 3.655305992104014
4 3.17349 1.02892e+08 0 3.261921101886703
5 3.58652 9.11796e+07 0 3.685938929194195
6 3.55688 9.17971e+07 0 3.6608165305303286
7 3.80547 8.59532e+07 0 3.9386033978991417
8 3.30886 9.85993e+07 0 3.417380781364224
9 3.17305 1.03257e+08 0 3.2946737330788705
10 3.65894 8.91775e+07 0 3.7801714283799313
11 3.44645 9.50209e+07 0 3.558294707643372
12 3.40348 9.59467e+07 0 3.5208157303294016
13 3.67568 8.88312e+07 0 3.797239837524126
14 3.93309 8.28216e+07 0 4.074296120931343
15 3.4948 9.36975e+07 0 3.6249893917909115
16 3.44975 9.45481e+07 0 3.564025561325532
17 3.31377 9.88301e+07 0 3.433757903452278
18 3.40951 9.5597e+07 0 3.523094303453732
19 3.60056 9.07922e+07 0 3.730027659493366
20 3.59916 9.07113e+07 0 3.734738241621779
21 3.41119 9.60077e+07 0 3.543154695656598
22 3.13653 1.0408e+08 0 3.2535076769211457
23 3.66737 8.9724e+07 0 3.723572588217186
24 3.71306 8.85907e+07 0 3.7800752466395364
25 3.95509 8.31524e+07 0 4.049784507289308
26 3.93166 8.35613e+07 0 4.0266820632726485
27 3.67176 8.97048e+07 0 3.7744518565694736
28 3.88297 8.45102e+07 0 4.01423937346596
29 3.21426 1.0251e+08 0 3.3126569250900935
30 3.44661 9.52216e+07 0 3.55182773757365
31 3.32258 9.9032e+07 0 3.439069056433116
32 3.39135 9.66652e+07 0 3.497531631654074
33 3.40168 9.68573e+07 0 3.5152896749553633
34 3.096 1.06031e+08 0 3.2148161757766593
35 3.58564 9.18266e+07 0 3.696550290658151
36 3.26375 1.00726e+08 0 3.3842983446042894
37 3.73868 8.80959e+07 0 3.8764776598393786
38 3.42829 9.57858e+07 0 3.565228060986208
39 3.12261 1.05327e+08 0 3.243305618962521
40 3.75971 8.72947e+07 0 3.903867744400943
41 3.31268 9.93813e+07 0 3.437109887988046
42 3.47311 9.46929e+07 0 3.610969153942259
43 3.30645 9.94971e+07 0 3.4411878746464812
44 3.77219 8.70961e+07 0 3.924712595786531
45 3.46211 9.55824e+07 0 3.5262415859527523
46 3.74134 8.84114e+07 0 3.8410839911813834
47 3.80132 8.71567e+07 0 3.8932988975069884
48 3.87539 8.51797e+07 0 3.98204076733227
49 3.79919 8.71814e+07 0 3.9408196231409955
50 3.728 8.85274e+07 0 3.841690302795718
51 3.31409 9.98915e+07 0 3.433392206255676
52 3.25988 1.01198e+08 0 3.3901777174541197
53 3.8817 8.52652e+07 0 4.015165857302757
54 3.44093 9.60457e+07 0 3.5640594918928667
55 3.30803 1.00097e+08 0 3.4360762217924763
56 3.38294 9.76345e+07 0 3.5289510990472226
57 3.40922 9.70451e+07 0 3.5321263515678707
58 3.18292 1.03772e+08 0 3.308535501866374
59 3.69899 8.94276e+07 0 3.8518566366945444
60 3.57244 9.25828e+07 0 3.719175809501897
61 3.42296 9.68288e+07 0 3.5627207275137294
62 2.99225 1.1045e+08 0 3.112167078778492
63 3.36438 9.85079e+07 0 3.494108145804528
64 3.20098 1.03162e+08 0 3.319848823834035
65 3.96797 8.34902e+07 0 4.108444674423313
66 3.39228 9.74252e+07 0 3.536330274758011
67 3.72943 8.91827e+07 0 3.817201331202975
68 3.73044 8.89098e+07 0 3.8188041484908046
69 3.30586 1.00547e+08 0 3.3993091336742927
70 3.26216 1.01673e+08 0 3.358898321565206
71 3.36751 9.85871e+07 0 3.4654645752755684
72 3.47737 9.53284e+07 0 3.60543749062285
73 3.22909 1.02809e+08 0 3.345921697979003
74 3.53985 9.37637e+07 0 3.6532415182751468
75 3.94823 8.42793e+07 0 4.118117984598233
76 3.21995 1.03107e+08 0 3.3363049474267585
77 3.45652 9.617e+07 0 3.6007145120295454
78 3.71951 8.93715e+07 0 3.8515505721950563
79 3.08202 1.07877e+08 0 3.201102453416392
80 3.37201 9.84384e+07 0 3.507730319594589
81 3.67836 9.03363e+07 0 3.834091631730631
82 3.0714 1.08036e+08 0 3.1984926915026612
83 3.08154 1.07739e+08 0 3.207002738119974
84 3.48262 9.5221e+07 0 3.607692891284423
85 3.5496 9.36816e+07 0 3.7005987877029014
86 3.59065 9.25446e+07 0 3.7397939859791496
87 3.54714 9.37268e+07 0 3.700126027236584
88 3.08105 1.07624e+08 0 3.2122728609346316
89 3.40004 9.80891e+07 0 3.487283492539071
90 3.44255 9.67609e+07 0 3.5459965280889305
91 3.7612 8.87317e+07 0 3.8639003648736576
92 3.39495 9.82235e+07 0 3.489816768710033
93 3.66008 9.13156e+07 0 3.7825929124218165
94 2.84924 1.16949e+08 0 2.9395013420267464
95 3.86885 8.6306e+07 0 3.99907238645212
96 3.30287 1.00905e+08 0 3.4257420366559166
97 3.11503 1.07162e+08 0 3.2429574709209534
98 3.14621 1.05749e+08 0 3.275572553023735
99 3.69 9.03057e+07 0 3.8517913294088926
100 3.89875 8.54172e+07 0 4.061508463652193
101 4.03123 8.27006e+07 0 4.203481810348867
102 3.7626 8.84388e+07 0 3.9316049922338085
103 3.20825 1.03912e+08 0 3.3473766514567562
104 3.36447 9.90126e+07 0 3.5040996252142684
105 3.27368 1.01851e+08 0 3.41775488994787
106 2.65497 1.25501e+08 0 2.7652236988184233
107 3.1201 1.07095e+08 0 3.2505965483775547
108 2.93145 1.13742e+08 0 3.06330889764353
109 2.8516 1.1724e+08 0 2.9746036823972175
110 3.90476 8.52485e+07 0 4.073083293364554
111 3.49643 9.57553e+07 0 3.5801167665756917
112 3.69041 9.04627e+07 0 3.7782659239799714
113 3.78 8.86173e+07 0 3.8974455557346754
114 3.83017 8.71985e+07 0 3.95862276594521
115 3.7163 9.0139e+07 0 3.842556669772052
116 3.72267 8.99033e+07 0 3.850506976490857
117 3.38799 9.87534e+07 0 3.506090071963148
118 4.09698 8.14967e+07 0 4.239828301206976
119 3.42133 9.80073e+07 0 3.5547281622774842
120 3.54331 9.43972e+07 0 3.6802641772513183
121 3.38652 9.9108e+07 0 3.5308577938903363
122 2.70031 1.23619e+08 0 2.8075925578372782
123 3.76246 8.90136e+07 0 3.9255483403363605
124 3.10627 1.0744e+08 0 3.2317644284451372
125 3.23925 1.03301e+08 0 3.3815423445355206
126 3.44828 9.72374e+07 0 3.5981905054525267
127 3.07209 1.08981e+08 0 3.223565561121429
128 3.2545 1.02525e+08 0 3.4089517952583197
129 3.41221 9.81036e+07 0 3.5627466805792305
130 3.51455 9.51209e+07 0 3.6681960300010688
131 3.87682 8.63145e+07 0 4.055556820063618
132 3.5714 9.36936e+07 0 3.737039346595382
133 3.18299 1.05378e+08 0 3.2492040969852254
134 3.31211 1.01307e+08 0 3.4035409869425095
135 3.88527 8.64927e+07 0 4.013869318015023
136 3.82549 8.748e+07 0 3.952800821144288
137 3.25728 1.03142e+08 0 3.366180991505274
138 3.15841 1.05966e+08 0 3.2649243680318203
139 3.50609 9.59411e+07 0 3.6275898695445052
140 3.56796 9.38994e+07 0 3.6955249713401095
141 3.54479 9.44038e+07 0 3.6877429109699786
142 3.82146 8.76336e+07 0 3.9904924531971897
143 3.68785 9.10894e+07 0 3.8471527790155537
144 3.687 9.09127e+07 0 3.8495014201410678
145 4.00926 8.36145e+07 0 4.182305492802248
146 3.621 9.24842e+07 0 3.7758762556711742
147 3.6862 9.10911e+07 0 3.8539606101628174
148 3.90508 8.581e+07 0 4.089819774129061
149 3.18123 1.05562e+08 0 3.323911492950875
150 4.06488 8.23715e+07 0 4.251539149625004
151 3.89541 8.62419e+07 0 4.078982222381559
152 4.49742 7.44992e+07 0 4.711653513343739
153 3.96446 8.4619e+07 0 4.154513301056557
154 3.72889 9.00297e+07 0 3.886387703237094
155 3.45907 9.73492e+07 0 3.5410650375076003
156 4.05709 8.2748e+07 0 4.161559974192583
157 3.73543 8.98929e+07 0 3.848823572065094
158 3.62551 9.26299e+07 0 3.7483834410128005
159 3.58019 9.38902e+07 0 3.707119224954672
160 3.91701 8.5726e+07 0 4.047094946806493
161 3.53792 9.51168e+07 0 3.675816072989071
162 3.49776 9.60746e+07 0 3.631966158344785
163 3.82276 8.7871e+07 0 3.972786428075161
164 3.44804 9.72349e+07 0 3.591692965583759
165 3.56783 9.427e+07 0 3.714228885725091
166 3.50945 9.56305e+07 0 3.6516186073880994
167 2.74067 1.22667e+08 0 2.868612432940536
168 3.40213 9.88463e+07 0 3.552300471915305
169 2.92822 1.14837e+08 0 3.071985540388668
170 3.26914 1.02769e+08 0 3.4220756470781133
171 3.70779 9.06373e+07 0 3.882426567619396
172 3.98746 8.43259e+07 0 4.183799416923308
173 2.56427 1.3116e+08 0 2.6883741709684874
174 3.08538 1.0879e+08 0 3.2278928628298096
175 3.92286 8.56414e+07 0 4.1154676346475005
176 3.86015 8.69635e+07 0 4.052467137965945
177 3.58509 9.39129e+07 0 3.6911534291551438
178 3.63824 9.23986e+07 0 3.7424114789856
179 3.27911 1.02817e+08 0 3.385096939682337
180 3.93602 8.55117e+07 0 4.046023025401908
181 3.6237 9.28089e+07 0 3.754503032713797
182 3.38441 9.94687e+07 0 3.504086235268067
183 4.0172 8.38138e+07 0 4.166599071978406
184 3.93325 8.55018e+07 0 4.100121870121729
185 3.83254 8.78711e+07 0 3.989654205703717
186 4.05834 8.29265e+07 0 4.223313986355804
187 3.31185 1.01614e+08 0 3.4589614246724225
188 3.59733 9.35518e+07 0 3.753569807754952
189 3.32898 1.01165e+08 0 3.4667272914607983
190 3.87383 8.69084e+07 0 4.052029528811685
191 3.49516 9.62902e+07 0 3.6609334180673185
192 3.90232 8.6228e+07 0 4.0797258258390245
193 3.00775 1.11943e+08 0 3.1452519699516035
194 3.84787 8.75348e+07 0 4.026293640092789
195 3.5065 9.59437e+07 0 3.668518073689637
196 3.35546 1.00401e+08 0 3.525587703767211
197 3.67677 9.16369e+07 0 3.8594765468496197
198 3.25555 1.03281e+08 0 3.4144709011910366
199 3.80962 8.83859e+07 0 3.869272072831807
200 3.90946 8.60696e+07 0 4.020600644073065
201 3.64207 9.24172e+07 0 3.746443069500657
202 3.36532 1.0023e+08 0 3.4883340076220275
203 3.22872 1.04543e+08 0 3.3257365333268014
204 3.33945 1.00865e+08 0 3.457385161375782
205 4.01341 8.36823e+07 0 4.1571281416087915
206 3.9486 8.52085e+07 0 4.102706877138996
207 3.85618 8.72645e+07 0 3.9975675988514383
208 3.64756 9.21013e+07 0 3.801032239822724
209 3.57899 9.4142e+07 0 3.7222380171066605
210 3.3738 9.9583e+07 0 3.528098252762354
211 3.0096 1.11838e+08 0 3.1497278166363154
212 3.72926 9.0431e+07 0 3.908065785581985
213 3.73512 9.00591e+07 0 3.905743345037963
214 3.64896 9.2149e+07 0 3.8030453332089356
215 3.51227 9.59467e+07 0 3.666536449563629
216 3.36819 9.99359e+07 0 3.5171118228001053
217 3.46012 9.72808e+07 0 3.61056432363872
218 3.45164 9.74588e+07 0 3.6006916289208686
219 3.73111 9.01606e+07 0 3.897061252921853
220 3.78834 8.89086e+07 0 3.941985680455693
221 3.47936 9.6789e+07 0 3.5410507807173
222 3.98082 8.45374e+07 0 4.087172849865125
223 3.2758 1.0272e+08 0 3.36108570745606
224 3.45889 9.74525e+07 0 3.5554978552387033
225 3.90332 8.62083e+07 0 4.036091153970591
226 3.86491 8.71254e+07 0 3.9936107222364443
227 3.69498 9.12425e+07 0 3.8286399172084566
228 3.74614 8.98159e+07 0 3.8953897137882354
229 3.76002 8.94425e+07 0 3.9006014144205805
230 4.02931 8.36046e+07 0 4.189736585738894
231 3.98616 8.43586e+07 0 4.163094562653252
232 3.53883 9.52151e+07 0 3.685237336655566
233 3.9418 8.5289e+07 0 4.126495240996459
234 3.06185 1.10113e+08 0 3.196251875851394
235 3.12916 1.07395e+08 0 3.2671752815755006
236 3.75942 8.9486e+07 0 3.921672459141106
237 3.45866 9.72127e+07 0 3.616580428720381
238 3.54076 9.50081e+07 0 3.6865384688580627
239 3.13998 1.07077e+08 0 3.2740037106856446
240 3.59312 9.35681e+07 0 3.745725141216553
241 3.35505 1.00322e+08 0 3.5058892555535675
242 3.51531 9.56096e+07 0 3.6434011703960754
243 3.81457 8.80577e+07 0 3.8824842191118916
244 3.02688 1.11157e+08 0 3.104472106325242
245 2.97411 1.13036e+08 0 3.0490146464049532
246 3.8248 8.79496e+07 0 3.9422394582717186
247 3.9143 8.60286e+07 0 4.045325382280967
248 3.89982 8.62036e+07 0 4.024839526556827
249 3.48275 9.64213e+07 0 3.61034736723538
250 2.94304 1.14292e+08 0 3.0597066282799337
251 3.43804 9.76081e+07 0 3.567928572602545
252 3.87521 8.67924e+07 0 4.026346378891628
253 3.28839 1.02359e+08 0 3.426663435545551
254 3.3701 9.9771e+07 0 3.5065171860520796
255 3.25652 1.03152e+08 0 3.39092195597293
256 3.48184 9.64163e+07 0 3.6326978278323296
257 3.8633 8.68985e+07 0 4.036828991265204
258 4.10515 8.1941e+07 0 4.286535766756825
259 3.72153 9.03827e+07 0 3.887233110973348
260 3.67811 9.12864e+07 0 3.851000397938025
261 3.55474 9.47283e+07 0 3.714525406267938
262 3.34704 1.00526e+08 0 3.4888788243535283
263 3.24938 1.03357e+08 0 3.3802243559638576
264 3.39704 9.90358e+07 0 3.537007714474982
265 3.33174 1.00904e+08 0 3.3870298282714613
266 3.09232 1.09003e+08 0 3.1572977877099495
267 3.63785 9.24148e+07 0 3.7314520651836367
268 3.77496 8.89637e+07 0 3.8946782965968954
269 3.27904 1.02118e+08 0 3.3642021252512264
270 4.18093 8.02408e+07 0 4.3190064098701235
271 3.35702 1.00059e+08 0 3.4570909191681336
272 3.24453 1.03547e+08 0 3.363659648522512
273 3.32998 1.00791e+08 0 3.4517353125093737
274 3.91287 8.58098e+07 0 4.071663213330797
275 3.23465 1.03699e+08 0 3.377867805695804
276 3.70218 9.06374e+07 0 3.863553362331686
277 3.36605 9.96865e+07 0 3.50722704375963
278 3.9334 8.54563e+07 0 4.123029872336834
279 4.0868 8.21638e+07 0 4.262125430081656
280 3.33166 1.00704e+08 0 3.4804071690403973
281 3.77547 8.88608e+07 0 3.952069217308258
282 3.74465 8.96391e+07 0 3.9108257510960263
283 3.92402 8.54599e+07 0 4.096930263447338
284 3.65749 9.20742e+07 0 3.8138928353658272
285 3.88634 8.62127e+07 0 4.046815563076321
286 3.61761 9.28267e+07 0 3.7583498458618445
287 3.4059 9.82162e+07 0 3.4608341260660285
288 3.99567 8.38543e+07 0 4.072545803662023
289 3.00577 1.11415e+08 0 3.0766252146556567
290 3.5796 9.35999e+07 0 3.68247826253504
291 3.53892 9.46827e+07 0 3.642480935699339
292 3.45268 9.69228e+07 0 3.55740749581527
293 3.66546 9.13434e+07 0 3.8001918390456813
294 3.33657 1.00265e+08 0 3.4547982240673933
295 3.79318 8.83544e+07 0 3.9219169809412935
296 3.20891 1.04424e+08 0 3.319345931061597
297 4.08176 8.20397e+07 0 4.2388086865969825
298 3.63487 9.2119e+07 0 3.770852886038275
299 3.72964 8.99591e+07 0 3.8818326185624508
300 3.89093 8.63661e+07 0 4.072130953150177
301 4.06586 8.23595e+07 0 4.245500198622937
302 3.77121 8.90148e+07 0 3.928484137108461
303 3.64651 9.172e+07 0 3.7898724343592676
304 3.49491 9.59667e+07 0 3.647415710283487
305 3.47008 9.65694e+07 0 3.618461951546697
306 3.68728 9.09323e+07 0 3.8391998881051355
307 3.63797 9.21012e+07 0 3.7868034000339215
308 3.89288 8.61859e+07 0 4.058333972593833
309 3.33765 9.99626e+07 0 3.378515862080736
310 3.79555 8.8255e+07 0 3.867903032747221
311 3.48166 9.57081e+07 0 3.5640071339945325
312 3.5573 9.40892e+07 0 3.6390150007897235
313 4.09683 8.148e+07 0 4.182968521589543
314 3.39045 9.86464e+07 0 3.4997160897806423
315 3.68021 9.07288e+07 0 3.80331849101187
316 3.64532 9.17448e+07 0 3.783099924363846
317 3.64978 9.13889e+07 0 3.7657845883776964
318 3.02069 1.10707e+08 0 3.1263407694998033
319 3.6048 9.26598e+07 0 3.7312535836987974
320 3.74444 8.93313e+07 0 3.883701229265995
321 3.74455 8.90564e+07 0 3.890967581721986
322 3.37913 9.89248e+07 0 3.5055105294771898
323 3.31362 1.00748e+08 0 3.4362998330863337
324 3.32188 1.00541e+08 0 3.466446184330985
325 4.07158 8.18482e+07 0 4.232700689248727
326 3.72101 8.99769e+07 0 3.874310334418813
327 3.72328 8.96264e+07 0 3.884195919685056
328 3.45578 9.68013e+07 0 3.6082021868683576
329 3.43079 9.72564e+07 0 3.572308453442147
330 3.40331 9.8242e+07 0 3.555573563732318
331 3.50791 9.50636e+07 0 3.5407946837672184
332 3.30069 1.0093e+08 0 3.3591017224534228
333 3.77302 8.81368e+07 0 3.8577621059009153
334 3.49472 9.53147e+07 0 3.564496419293391
335 3.5282 9.4271e+07 0 3.6127169576865397
336 3.9527 8.43023e+07 0 4.068977315884829
337 3.80516 8.72629e+07 0 3.9136178687846543
338 3.48225 9.54002e+07 0 3.5862959998119956
339 3.98659 8.33026e+07 0 4.112861852524723
340 3.68343 9.04303e+07 0 3.7988431769498288
341 3.53989 9.39413e+07 0 3.6667245953617487
342 3.10679 1.0712e+08 0 3.2263278261444364
343 3.29005 1.0093e+08 0 3.4248758582420873
344 3.39038 9.82582e+07 0 3.5332921272764604
345 3.37258 9.8564e+07 0 3.50508754436669
346 3.57935 9.30526e+07 0 3.739641007745849
347 3.52915 9.41132e+07 0 3.6802651504232746
348 3.54736 9.38318e+07 0 3.700027320519746
349 3.90514 8.51165e+07 0 4.088011237581445
350 3.52067 9.47076e+07 0 3.6712887842374036
351 3.27885 1.01213e+08 0 3.423066441451693
352 3.82399 8.6971e+07 0 3.9960258351076696
353 3.24234 1.02102e+08 0 3.2866346398627613
354 3.07482 1.07788e+08 0 3.1239145411197136
355 3.03971 1.0884e+08 0 3.088942022886633
356 3.38588 9.78462e+07 0 3.460817320438504
357 3.29071 1.00419e+08 0 3.362990744729673
358 3.80165 8.72712e+07 0 3.899757305063758
359 2.88599 1.14762e+08 0 2.9562589744557055
360 3.68422 8.98879e+07 0 3.7658255456070013
361 3.21651 1.02912e+08 0 3.3122828612456883
362 3.67207 9.03436e+07 0 3.807987327763225
363 3.1243 1.06064e+08 0 3.239639465653478
364 3.7673 8.80713e+07 0 3.911330156184714
365 3.84254 8.60844e+07 0 3.9970703198247137
366 3.63261 9.14076e+07 0 3.7855350073357252
367 3.78043 8.73911e+07 0 3.9298504186808203
368 3.745 8.85268e+07 0 3.8859108946639482
369 3.83646 8.61276e+07 0 4.001724127081542
370 3.30367 1.00544e+08 0 3.458628369500176
371 3.49516 9.48138e+07 0 3.637691035273353
372 3.20745 1.03377e+08 0 3.3406800201400007
373 3.36381 9.85833e+07 0 3.5060638129933146
374 4.09755 8.09561e+07 0 4.290473810345355
375 3.5802 9.20177e+07 0 3.610833544344209
376 2.90054 1.13893e+08 0 2.954182282231152
377 3.34445 9.83947e+07 0 3.401279213915975
378 3.6509 9.04568e+07 0 3.72899213166782
379 3.52155 9.36211e+07 0 3.5993694957216875
380 3.14332 1.05022e+08 0 3.2223629042713595
381 3.33738 9.87667e+07 0 3.4335552755730765
382 3.32485 9.9255e+07 0 3.4187115832674384
383 3.5791 9.21406e+07 0 3.696576173387421
384 3.10525 1.06274e+08 0 3.208775969458438
385 3.09677 1.06522e+08 0 3.2121451634597062
386 3.41195 9.68016e+07 0 3.5308412974292738
387 3.4041 9.67331e+07 0 3.5374490053166125
388 3.21199 1.02921e+08 0 3.3300974854673715
389 3.87357 8.48969e+07 0 4.02522324333932
390 3.17249 1.04181e+08 0 3.3042284026726367
391 3.59062 9.1696e+07 0 3.7413986815603004
392 3.52875 9.36179e+07 0 3.686379091746049
393 2.84002 1.15978e+08 0 2.957913527595445
394 3.5828 9.20461e+07 0 3.7590805572751056
395 3.6282 9.07723e+07 0 3.8026501029838857
396 3.49 9.46931e+07 0 3.655431789378749
397 3.32899 9.82503e+07 0 3.359341680213487
398 3.48912 9.41447e+07 0 3.5445006657616216
399 3.41686 9.5979e+07 0 3.473558540066927
400 3.14388 1.04511e+08 0 3.2193922966992607
401 3.45363 9.47074e+07 0 3.5257811578693583
402 3.62293 9.05149e+07 0 3.7110980396237045
403 3.23385 1.01153e+08 0 3.3211595324522514
404 3.21653 1.02115e+08 0 3.313661370923964
405 3.43346 9.53013e+07 0 3.534966641790295
406 3.38963 9.69159e+07 0 3.5096228570665806
407 3.04609 1.07586e+08 0 3.1576794259871774
408 3.74577 8.76672e+07 0 3.8797031272808353
409 3.06184 1.06829e+08 0 3.167412700573506
410 3.0074 1.0921e+08 0 3.1217384718990138
411 3.21928 1.01612e+08 0 3.346280505881162
412 3.21447 1.02211e+08 0 3.342439673093177
413 3.37949 9.67677e+07 0 3.5199073028462795
414 3.38861 9.70154e+07 0 3.5282103788651877
415 3.51857 9.28874e+07 0 3.6605344098614574
416 3.46162 9.4934e+07 0 3.6329025096457666
417 3.3846 9.66628e+07 0 3.5270566367544345
418 3.42146 9.60697e+07 0 3.5813313554847794
419 3.43673 9.47894e+07 0 3.460658640892112
420 3.12149 1.04385e+08 0 3.1498788024773554
421 3.2767 9.92994e+07 0 3.3050290177430095
422 3.44853 9.45393e+07 0 3.5006030688298684
423 3.15432 1.03096e+08 0 3.207619900842912
424 3.65698 8.90963e+07 0 3.7279867104913005
425 3.34264 9.72432e+07 0 3.4196562141297067
426 2.84761 1.14602e+08 0 2.9123577466154202
427 3.18746 1.01966e+08 0 3.2601379182463055
428 3.52542 9.25215e+07 0 3.621311478111547
429 3.51487 9.25518e+07 0 3.6309399173729595
430 3.32112 9.84052e+07 0 3.412131965923615
431 3.21369 1.01151e+08 0 3.304986558071745
432 3.12902 1.04307e+08 0 3.2357751053898123
433 3.16234 1.02772e+08 0 3.260999507729334
434 2.8449 1.14707e+08 0 2.9450345417184343
435 3.30934 9.822e+07 0 3.4276961738487146
436 3.42473 9.50549e+07 0 3.5503753713466786
437 3.56942 9.09772e+07 0 3.706287042830489
438 3.51215 9.30267e+07 0 3.6606814010547852
439 3.22727 1.0084e+08 0 3.3547246596998295
440 3.11209 1.04952e+08 0 3.245676485241818
