# /media/filip/Drive/XY/2023nov/cal_m08_012822_2023-11-15.02-11.root
# analyzed at 2024-11-17 18:47 on debian
# spherCalib: 2.37507e+09
# pixel calibConst adcSum stdCalib calibConstCorr
# nEvents 1567
1 3.97784 1.03037e+08 0 4.055618573189557
2 3.84534 1.06035e+08 0 3.947746431055783
3 4.44155 9.19394e+07 0 4.569132490130017
4 3.96686 1.02892e+08 0 4.0773988076944585
5 4.48315 9.11796e+07 0 4.607423661492744
6 4.44611 9.17971e+07 0 4.576030955375554
7 4.75684 8.59532e+07 0 4.92325683483579
8 4.13607 9.85993e+07 0 4.27172081272013
9 3.96631 1.03257e+08 0 4.118339570523015
10 4.57367 8.91775e+07 0 4.725209119810229
11 4.30806 9.50209e+07 0 4.447865803423844
12 4.25435 9.59467e+07 0 4.401019662911751
13 4.59459 8.88312e+07 0 4.746539466191282
14 4.91636 8.28216e+07 0 5.092867561408973
15 4.3685 9.36975e+07 0 4.531236739738639
16 4.31219 9.45481e+07 0 4.455034534471294
17 4.14221 9.88301e+07 0 4.292194788793146
18 4.26189 9.5597e+07 0 4.403870462602082
19 4.5007 9.07922e+07 0 4.662534574366707
20 4.49894 9.07113e+07 0 4.668412425333102
21 4.26399 9.60077e+07 0 4.428945966285307
22 3.92066 1.0408e+08 0 4.066882002913301
23 4.58421 8.9724e+07 0 4.6544631969588846
24 4.64133 8.85907e+07 0 4.725099148542033
25 4.94386 8.31524e+07 0 5.062228074255533
26 4.91457 8.35613e+07 0 5.0333474582486435
27 4.5897 8.97048e+07 0 4.7180648207118425
28 4.85371 8.45102e+07 0 5.0177966323163625
29 4.01783 1.0251e+08 0 4.140826309425725
30 4.30827 9.52216e+07 0 4.439792400926252
31 4.15322 9.9032e+07 0 4.298831145242295
32 4.23919 9.66652e+07 0 4.371917117841459
33 4.2521 9.68573e+07 0 4.394112093694205
34 3.87 1.06031e+08 0 4.018520219720824
35 4.48205 9.18266e+07 0 4.620687863322688
36 4.07968 1.00726e+08 0 4.230365153738867
37 4.67335 8.80959e+07 0 4.845597074799223
38 4.28536 9.57858e+07 0 4.456532476373894
39 3.90326 1.05327e+08 0 4.054129427072754
40 4.69963 8.72947e+07 0 4.879826892930307
41 4.14085 9.93813e+07 0 4.296387359985059
42 4.34139 9.46929e+07 0 4.513714041661041
43 4.13306 9.94971e+07 0 4.3014822414330744
44 4.71523 8.70961e+07 0 4.905882941482408
45 4.32763 9.55824e+07 0 4.4077943435121085
46 4.67667 8.84114e+07 0 4.801349855676906
47 4.75165 8.71567e+07 0 4.866623621883735
48 4.84423 8.51797e+07 0 4.977543252765271
49 4.74899 8.71814e+07 0 4.926027122123494
50 4.65999 8.85274e+07 0 4.802102573531388
51 4.14261 9.98915e+07 0 4.2917376678233925
52 4.07486 1.01198e+08 0 4.237732546518613
53 4.85213 8.52652e+07 0 5.018962493545206
54 4.30117 9.60457e+07 0 4.455082133244455
55 4.13504 1.00097e+08 0 4.295097874009837
56 4.22867 9.76345e+07 0 4.41118365800399
57 4.26153 9.70451e+07 0 4.415163119715661
58 3.97866 1.03772e+08 0 4.13567977198788
59 4.62374 8.94276e+07 0 4.814823399184652
60 4.46555 9.25828e+07 0 4.648969761877371
61 4.2787 9.68288e+07 0 4.453400909392162
62 3.74032 1.1045e+08 0 3.8902166490422823
63 4.20548 9.85079e+07 0 4.367640375052171
64 4.00122 1.03162e+08 0 4.14980584411687
65 4.95996 8.34902e+07 0 5.135553254523763
66 4.24034 9.74252e+07 0 4.42040241880605
67 4.66179 8.91827e+07 0 4.77150422284068
68 4.66305 8.89098e+07 0 4.773505185613505
69 4.13232 1.00547e+08 0 4.2491312757542525
70 4.0777 1.01673e+08 0 4.198622901956508
71 4.20938 9.85871e+07 0 4.331823000933471
72 4.34671 9.53284e+07 0 4.506794271206472
73 4.03637 1.02809e+08 0 4.182409893831236
74 4.42481 9.37637e+07 0 4.566549317761784
75 4.93529 8.42793e+07 0 5.147650088320035
76 4.02494 1.03107e+08 0 4.170383774622543
77 4.32065 9.617e+07 0 4.500893140036931
78 4.64939 8.93715e+07 0 4.814440803992453
79 3.85252 1.07877e+08 0 4.001372873581521
80 4.21502 9.84384e+07 0 4.3846707013613795
81 4.59795 9.03363e+07 0 4.792614539663288
82 3.83925 1.08036e+08 0 3.9981158643783257
83 3.85193 1.07739e+08 0 4.008758626221458
84 4.35327 9.5221e+07 0 4.50961093453829
85 4.437 9.36816e+07 0 4.625748484628627
86 4.48832 9.25446e+07 0 4.674750293999676
87 4.43392 9.37268e+07 0 4.62515231839872
88 3.85131 1.07624e+08 0 4.015338469692526
89 4.25005 9.80891e+07 0 4.359104365673838
90 4.30319 9.67609e+07 0 4.432498235234639
91 4.70149 8.87317e+07 0 4.8298651830399475
92 4.24369 9.82235e+07 0 4.362273530746279
93 4.5751 9.13156e+07 0 4.728241140527271
94 3.56156 1.16949e+08 0 3.674386994324374
95 4.83607 8.6306e+07 0 4.998848235509133
96 4.12859 1.00905e+08 0 4.282180138823886
97 3.89379 1.07162e+08 0 4.053699441320726
98 3.93276 1.05749e+08 0 4.094463088487299
99 4.6125 9.03057e+07 0 4.814739161761116
100 4.87343 8.54172e+07 0 5.0768777664678435
101 5.03904 8.27006e+07 0 5.254354869759442
102 4.70325 8.84388e+07 0 4.91450624029226
103 4.01031 1.03912e+08 0 4.184218205907752
104 4.20559 9.90126e+07 0 4.3801271352708975
105 4.0921 1.01851e+08 0 4.272193612434838
106 3.31871 1.25501e+08 0 3.456527019704814
107 3.90012 1.07095e+08 0 4.063240476349562
108 3.66431 1.13742e+08 0 3.829133509602471
109 3.5645 1.1724e+08 0 3.7182546029965216
110 4.88095 8.52485e+07 0 5.091354116705693
111 4.37054 9.57553e+07 0 4.475148518056911
112 4.61301 9.04627e+07 0 4.722829845458593
113 4.725 8.86173e+07 0 4.871806944668344
114 4.78771 8.71985e+07 0 4.9482758735887815
115 4.64537 9.0139e+07 0 4.803190667346285
116 4.65333 8.99033e+07 0 4.813125963062586
117 4.23499 9.87534e+07 0 4.382615177100054
118 5.12123 8.14967e+07 0 5.299790550842377
119 4.27666 9.80073e+07 0 4.443407605371485
120 4.42914 9.43972e+07 0 4.600332818192849
121 4.23315 9.9108e+07 0 4.413572242362921
122 3.37539 1.23619e+08 0 3.5094932966208954
123 4.70308 8.90136e+07 0 4.906940642151445
124 3.88283 1.0744e+08 0 4.039697732553716
125 4.04906 1.03301e+08 0 4.226925320850504
126 4.31035 9.72374e+07 0 4.497738131815658
127 3.84011 1.08981e+08 0 4.02945432813427
128 4.06813 1.02525e+08 0 4.261194981362491
129 4.26526 9.81036e+07 0 4.453430740431383
130 4.39319 9.51209e+07 0 4.585247646794155
131 4.84602 8.63145e+07 0 5.06944079455964
132 4.46425 9.36936e+07 0 4.671299183244227
133 3.97874 1.05378e+08 0 4.06150767323774
134 4.14014 1.01307e+08 0 4.25442880269078
135 4.85659 8.64927e+07 0 5.017339230266772
136 4.78186 8.748e+07 0 4.940998443231332
137 4.0716 1.03142e+08 0 4.207726239381593
138 3.94801 1.05966e+08 0 4.081152875729657
139 4.38261 9.59411e+07 0 4.534484750295754
140 4.45995 9.38994e+07 0 4.619406214175138
141 4.43098 9.44038e+07 0 4.609670836255394
142 4.77682 8.76336e+07 0 4.988110345334348
143 4.60981 9.10894e+07 0 4.808938365777808
144 4.60875 9.09127e+07 0 4.8118767751763345
145 5.01158 8.36145e+07 0 5.227887081810081
146 4.52625 9.24842e+07 0 4.719845319588968
147 4.60775 9.10911e+07 0 4.817450762703522
148 4.88135 8.581e+07 0 5.112274717661327
149 3.97653 1.05562e+08 0 4.154881529805749
150 5.0811 8.23715e+07 0 5.314423937031257
151 4.86926 8.62419e+07 0 5.098725160163791
152 5.62177 7.44992e+07 0 5.889561653505884
153 4.95558 8.4619e+07 0 5.193146866017026
154 4.66111 9.00297e+07 0 4.857982023453482
155 4.32384 9.73492e+07 0 4.426333856145398
156 5.07136 8.2748e+07 0 5.2019474033657875
157 4.66929 8.98929e+07 0 4.811032040971942
158 4.53189 9.26299e+07 0 4.685481885994385
159 4.47523 9.38902e+07 0 4.633891265294271
160 4.89626 8.5726e+07 0 5.05886610048245
161 4.42239 9.51168e+07 0 4.594759701470394
162 4.3722 9.60746e+07 0 4.539957697930982
163 4.77845 8.7871e+07 0 4.965983035093951
164 4.31005 9.72349e+07 0 4.489616206979699
165 4.45978 9.427e+07 0 4.642778299408618
166 4.38682 9.56305e+07 0 4.564531063061808
167 3.42584 1.22667e+08 0 3.5857681578829284
168 4.25267 9.88463e+07 0 4.440383420945131
169 3.66027 1.14837e+08 0 3.8399766800030153
170 4.08642 1.02769e+08 0 4.277589324939569
171 4.63473 9.06373e+07 0 4.8530253562749355
172 4.98433 8.43259e+07 0 5.229754517350231
173 3.20533 1.3116e+08 0 3.3604598507296117
174 3.85672 1.0879e+08 0 4.0348608475886225
175 4.90357 8.56414e+07 0 5.144329297815482
176 4.82518 8.69635e+07 0 5.065576048798757
177 4.48137 9.39129e+07 0 4.613949508328379
178 4.54781 9.23986e+07 0 4.678024635055823
179 4.09888 1.02817e+08 0 4.23136343218896
180 4.92003 8.55117e+07 0 5.05753392149129
181 4.52962 9.28089e+07 0 4.693123610409546
182 4.23051 9.94687e+07 0 4.380105205682499
183 5.0215 8.38138e+07 0 5.208248839973008
184 4.91657 8.55018e+07 0 5.125160155846791
185 4.79067 8.78711e+07 0 4.9870625521556535
186 5.07293 8.29265e+07 0 5.279147686197792
187 4.13981 1.01614e+08 0 4.323699169791246
188 4.49667 9.35518e+07 0 4.691970085434881
189 4.16122 1.01165e+08 0 4.333403907434861
190 4.84229 8.69084e+07 0 5.065039526016768
191 4.36894 9.62902e+07 0 4.576156298289931
192 4.8779 8.6228e+07 0 5.099657282298781
193 3.75968 1.11943e+08 0 3.9315571195703245
194 4.80984 8.75348e+07 0 5.032869666039629
195 4.38313 9.59437e+07 0 4.585652823137391
196 4.19432 1.00401e+08 0 4.406979376200249
197 4.59597 9.16369e+07 0 4.824353556253029
198 4.06944 1.03281e+08 0 4.268091248527239
199 4.76202 8.83859e+07 0 4.83658501274839
200 4.88682 8.60696e+07 0 5.025745662948114
201 4.55258 9.24172e+07 0 4.683046121943647
202 4.20666 1.0023e+08 0 4.36042787506189
203 4.0359 1.04543e+08 0 4.1571706666585015
204 4.17431 1.00865e+08 0 4.321728863430367
205 5.01677 8.36823e+07 0 5.1964179455821204
206 4.93575 8.52085e+07 0 5.128383596423744
207 4.82023 8.72645e+07 0 4.996964681890281
208 4.55945 9.21013e+07 0 4.751290299778406
209 4.47374 9.4142e+07 0 4.652800121445087
210 4.21725 9.9583e+07 0 4.410122815952943
211 3.762 1.11838e+08 0 3.937159770795395
212 4.66158 9.0431e+07 0 4.885087471711081
213 4.6689 9.00591e+07 0 4.882179181297452
214 4.5612 9.2149e+07 0 4.75380666651117
215 4.39034 9.59467e+07 0 4.583173171759911
216 4.21023 9.99359e+07 0 4.39638194689364
217 4.32515 9.72808e+07 0 4.5132054045484
218 4.31455 9.74588e+07 0 4.500864536151086
219 4.66389 9.01606e+07 0 4.871329177346608
220 4.73543 8.89086e+07 0 4.927487303357223
221 4.3492 9.6789e+07 0 4.426313475896626
222 4.97603 8.45374e+07 0 5.108971195912992
223 4.09475 1.0272e+08 0 4.201357134320076
224 4.32361 9.74525e+07 0 4.4443697492226155
225 4.87915 8.62083e+07 0 5.045113942463239
226 4.83113 8.71254e+07 0 4.9920056530470704
227 4.61873 9.12425e+07 0 4.785805077377473
228 4.68267 8.98159e+07 0 4.869231943030628
229 4.70003 8.94425e+07 0 4.875756954968101
230 5.03664 8.36046e+07 0 5.237173331710874
231 4.9827 8.43586e+07 0 5.203868203316565
232 4.42353 9.52151e+07 0 4.60653886053187
233 4.92725 8.5289e+07 0 5.158119051245574
234 3.82731 1.10113e+08 0 3.9953122350751338
235 3.91145 1.07395e+08 0 4.083969101969376
236 4.69927 8.9486e+07 0 4.902085358131846
237 4.32332 9.72127e+07 0 4.520720307603349
238 4.42595 9.50081e+07 0 4.608173086072578
239 3.92498 1.07077e+08 0 4.092509851771967
240 4.49139 9.35681e+07 0 4.682146001805844
241 4.19381 1.00322e+08 0 4.382358957044786
242 4.39414 9.56096e+07 0 4.554254054090311
243 4.76821 8.80577e+07 0 4.853102729380116
244 3.7836 1.11157e+08 0 3.880590132906552
245 3.71763 1.13036e+08 0 3.8112606191144396
246 4.781 8.79496e+07 0 4.927799322839648
247 4.89288 8.60286e+07 0 5.056661895218786
248 4.87478 8.62036e+07 0 5.031054568484875
249 4.35344 9.64213e+07 0 4.512936800636621
250 3.6788 1.14292e+08 0 3.824633285349917
251 4.29755 9.76081e+07 0 4.459910715753182
252 4.84401 8.67924e+07 0 5.0329303761124775
253 4.11049 1.02359e+08 0 4.283331899554382
254 4.21263 9.9771e+07 0 4.383151684958479
255 4.07064 1.03152e+08 0 4.238642032249655
256 4.3523 9.64163e+07 0 4.540872284790411
257 4.82912 8.68985e+07 0 5.046031014495021
258 5.13144 8.1941e+07 0 5.358172318908356
259 4.65191 9.03827e+07 0 4.85903877740285
260 4.59764 9.12864e+07 0 4.813753114935601
261 4.44342 9.47283e+07 0 4.643151533085144
262 4.1838 1.00526e+08 0 4.36109853044191
263 4.06172 1.03357e+08 0 4.225275243617404
264 4.24631 9.90358e+07 0 4.421270055122183
265 4.16467 1.00904e+08 0 4.233782202364922
266 3.8654 1.09003e+08 0 3.9466222346374367
267 4.54732 9.24148e+07 0 4.664322774454927
268 4.7187 8.89637e+07 0 4.86834787074612
269 4.0988 1.02118e+08 0 4.205252656564032
270 5.22616 8.02408e+07 0 5.398755429774439
271 4.19628 1.00059e+08 0 4.321368798007416
272 4.05566 1.03547e+08 0 4.204571968860454
273 4.16248 1.00791e+08 0 4.314674323453601
274 4.89109 8.58098e+07 0 5.0895816181192135
275 4.04331 1.03699e+08 0 4.222332146429413
276 4.62773 9.06374e+07 0 4.829446920858308
277 4.20756 9.96865e+07 0 4.384031199845893
278 4.91675 8.54563e+07 0 5.153787340421043
279 5.1085 8.21638e+07 0 5.32765678760207
280 4.16458 1.00704e+08 0 4.350514184533313
281 4.71934 8.88608e+07 0 4.940089138573887
282 4.68081 8.96391e+07 0 4.888529577927922
283 4.90503 8.54599e+07 0 5.121168049632034
284 4.57186 9.20742e+07 0 4.767363437301431
285 4.85793 8.62127e+07 0 5.058524660306445
286 4.52201 9.28267e+07 0 4.6979347100670665
287 4.25737 9.82162e+07 0 4.326037576937
288 4.99458 8.38543e+07 0 5.090674610279193
289 3.75721 1.11415e+08 0 3.845778959386906
290 4.4745 9.35999e+07 0 4.603097828168799
291 4.42365 9.46827e+07 0 4.553101169624173
292 4.31585 9.69228e+07 0 4.446759369769088
293 4.58182 9.13434e+07 0 4.750234615021384
294 4.17071 1.00265e+08 0 4.31849519149909
295 4.74148 8.83544e+07 0 4.90240139587194
296 4.01114 1.04424e+08 0 4.149184999865505
297 5.1022 8.20397e+07 0 5.298510858246228
298 4.54359 9.2119e+07 0 4.713568701074495
299 4.66205 8.99591e+07 0 4.852290773203063
300 4.86366 8.63661e+07 0 5.090161075012502
301 5.08233 8.23595e+07 0 5.306880469191587
302 4.71401 8.90148e+07 0 4.910602567125845
303 4.55814 9.172e+07 0 4.7373431412365115
304 4.36864 9.59667e+07 0 4.5592722469456595
305 4.3376 9.65694e+07 0 4.523077439433371
306 4.6091 9.09323e+07 0 4.798999860131419
307 4.54746 9.21012e+07 0 4.733501647764621
308 4.8661 8.61859e+07 0 5.072917465742292
309 4.17206 9.99626e+07 0 4.2231422969911625
310 4.74444 8.8255e+07 0 4.834881338590514
311 4.35208 9.57081e+07 0 4.455014035751603
312 4.44662 9.40892e+07 0 4.548763636131786
313 5.12104 8.148e+07 0 5.22871320455106
314 4.23806 9.86464e+07 0 4.374642531656786
315 4.60027 9.07288e+07 0 4.754155864650977
316 4.55665 9.17448e+07 0 4.728874905454808
317 4.56222 9.13889e+07 0 4.707225576552147
318 3.77586 1.10707e+08 0 3.907923374435486
319 4.506 9.26598e+07 0 4.664066979623497
320 4.68055 8.93313e+07 0 4.854626536582494
321 4.68068 8.90564e+07 0 4.863701683891113
322 4.22391 9.89248e+07 0 4.381885568345698
323 4.14202 1.00748e+08 0 4.2953696062434
324 4.15235 1.00541e+08 0 4.333057730413731
325 5.08947 8.18482e+07 0 5.290870663700755
326 4.65127 8.99769e+07 0 4.842895727012879
327 4.6541 8.96264e+07 0 4.85524489960632
328 4.31973 9.68013e+07 0 4.510257954117696
329 4.28848 9.72564e+07 0 4.465377757431256
330 4.25413 9.8242e+07 0 4.444459119116556
331 4.38488 9.50636e+07 0 4.42598578440074
332 4.12587 1.0093e+08 0 4.198884785792941
333 4.71628 8.81368e+07 0 4.822207744676247
334 4.3684 9.53147e+07 0 4.455620524116739
335 4.41024 9.4271e+07 0 4.515885957561216
336 4.94087 8.43023e+07 0 5.086216497770099
337 4.75645 8.72629e+07 0 4.892022335980818
338 4.35281 9.54002e+07 0 4.4828674250676
339 4.98324 8.33026e+07 0 5.1410798948412815
340 4.60429 9.04303e+07 0 4.748556549519965
341 4.42486 9.39413e+07 0 4.583403154626947
342 3.88348 1.0712e+08 0 4.032901994108194
343 4.11256 1.0093e+08 0 4.281092220352907
344 4.23798 9.82582e+07 0 4.4166203698567985
345 4.21573 9.8564e+07 0 4.381364626906696
346 4.47419 9.30526e+07 0 4.6745538716377
347 4.41144 9.41132e+07 0 4.600334045076931
348 4.43419 9.38318e+07 0 4.6250237202808435
349 4.88143 8.51165e+07 0 5.110019281118524
350 4.40084 9.47076e+07 0 4.589113587249964
351 4.09856 1.01213e+08 0 4.278830441854995
352 4.77999 8.6971e+07 0 4.9950349063560076
353 4.05293 1.02102e+08 0 4.108298368135045
354 3.84353 1.07788e+08 0 3.9048982562328374
355 3.79964 1.0884e+08 0 3.861180069099015
356 4.23235 9.78462e+07 0 4.326021650548131
357 4.11339 1.00419e+08 0 4.203740985824819
358 4.75206 8.72712e+07 0 4.874694066813431
359 3.60749 1.14762e+08 0 3.6953262789404024
360 4.60528 8.98879e+07 0 4.70728704275885
361 4.02064 1.02912e+08 0 4.140356150995602
362 4.59009 9.03436e+07 0 4.759986752238573
363 3.90537 1.06064e+08 0 4.049544147482356
364 4.70912 8.80713e+07 0 4.8891575040725614
365 4.80317 8.60844e+07 0 4.996332698702543
366 4.54076 9.14076e+07 0 4.731916153925075
367 4.72553 8.73911e+07 0 4.912305226915662
368 4.68125 8.85268e+07 0 4.857388618329935
369 4.79557 8.61276e+07 0 5.002149943465702
370 4.12959 1.00544e+08 0 4.323288079137515
371 4.36895 9.48138e+07 0 4.5471137940916915
372 4.00931 1.03377e+08 0 4.17584742133081
373 4.20476 9.85833e+07 0 4.382577160517916
374 5.12194 8.09561e+07 0 5.363094880638501
375 4.47525 9.20177e+07 0 4.51354193043026
376 3.62568 1.13893e+08 0 3.6927329452584154
377 4.18057 9.83947e+07 0 4.251606644835686
378 4.56362 9.04568e+07 0 4.661235057635624
379 4.40194 9.36211e+07 0 4.4992144248973105
380 3.92915 1.05022e+08 0 4.0279536303392
381 4.17173 9.87667e+07 0 4.291949238554337
382 4.15606 9.9255e+07 0 4.2733869085084955
383 4.47387 9.21406e+07 0 4.620715052620151
384 3.88156 1.06274e+08 0 4.010967378475517
385 3.87097 1.06522e+08 0 4.0151892337492345
386 4.26493 9.68016e+07 0 4.413543860444917
387 4.25512 9.67331e+07 0 4.421806060780478
388 4.01499 1.02921e+08 0 4.162624448761249
389 4.84196 8.48969e+07 0 5.031526456297228
390 3.96561 1.04181e+08 0 4.130282899527701
391 4.48828 9.1696e+07 0 4.676753561912278
392 4.41093 9.36179e+07 0 4.607966029657924
393 3.55002 1.15978e+08 0 3.69738670193674
394 4.4785 9.20461e+07 0 4.698850696593882
395 4.53525 9.07723e+07 0 4.753312628729856
396 4.3625 9.46931e+07 0 4.569289736723436
397 4.16123 9.82503e+07 0 4.199169531886478
398 4.3614 9.41447e+07 0 4.430625832202026
399 4.27107 9.5979e+07 0 4.34194309211488
400 3.92985 1.04511e+08 0 4.024240370874076
401 4.31704 9.47074e+07 0 4.407228999565192
402 4.52866 9.05149e+07 0 4.638869988689344
403 4.04231 1.01153e+08 0 4.151446848068728
404 4.02066 1.02115e+08 0 4.142074138161045
405 4.29182 9.53013e+07 0 4.418703154418116
406 4.23704 9.69159e+07 0 4.387031159833193
407 3.80761 1.07586e+08 0 3.947096690899821
408 4.68221 8.76672e+07 0 4.849626319711462
409 3.8273 1.06829e+08 0 3.959265875716883
410 3.75924 1.0921e+08 0 3.9021627096833305
411 4.0241 1.01612e+08 0 4.182850632351453
412 4.01809 1.02211e+08 0 4.178052190892733
413 4.22436 9.67677e+07 0 4.399881524683224
414 4.23577 9.70154e+07 0 4.41027078255857
415 4.39821 9.28874e+07 0 4.575665411458848
416 4.32702 9.4934e+07 0 4.541122889654967
417 4.23075 9.66628e+07 0 4.408820795943043
418 4.27683 9.60697e+07 0 4.476669427986289
419 4.29591 9.47894e+07 0 4.3258207837085925
420 3.90186 1.04385e+08 0 3.937345980360115
421 4.09588 9.92994e+07 0 4.131291315406732
422 4.31067 9.45393e+07 0 4.375761449287913
423 3.9429 1.03096e+08 0 4.009524876053639
424 4.57122 8.90963e+07 0 4.659978291030315
425 4.1783 9.72432e+07 0 4.274570267662134
426 3.55951 1.14602e+08 0 3.640444626425337
427 3.98432 1.01966e+08 0 4.075167283801873
428 4.40678 9.25215e+07 0 4.526644483639511
429 4.39359 9.25518e+07 0 4.538677479272536
430 4.1514 9.84052e+07 0 4.265164957404518
431 4.01711 1.01151e+08 0 4.131230626568083
432 3.91128 1.04307e+08 0 4.044724052325988
433 3.95293 1.02772e+08 0 4.076254540652971
434 3.55613 1.14707e+08 0 3.681298353137606
435 4.13667 9.822e+07 0 4.284615038489476
436 4.28091 9.50549e+07 0 4.4379666224641685
437 4.46178 9.09772e+07 0 4.632863995259796
438 4.39019 9.30267e+07 0 4.575854357045316
439 4.03408 1.0084e+08 0 4.193398028427088
440 3.89011 1.04952e+08 0 4.057092999239755
