# /media/filip/Drive/XY/2023nov/cal_m08_012822_2023-11-15.02-11.root
# analyzed at 2024-11-17 18:49 on debian
# spherCalib: 2.37507e+09
# pixel calibConst adcSum stdCalib calibConstCorr
# nEvents 1567
1 4.37562 1.03037e+08 0 4.461176352296645
2 4.22987 1.06035e+08 0 4.342516967636132
3 4.88571 9.19394e+07 0 5.026050882766856
4 4.36355 1.02892e+08 0 4.485142799926177
5 4.93147 9.11796e+07 0 5.0681711662428475
6 4.89072 9.17971e+07 0 5.033633021691845
7 5.23252 8.59532e+07 0 5.415578378380388
8 4.54968 9.85993e+07 0 4.698895992383234
9 4.36294 1.03257e+08 0 4.530172489245088
10 5.03104 8.91775e+07 0 5.197733131190063
11 4.73886 9.50209e+07 0 4.892646189053337
12 4.67978 9.59467e+07 0 4.841116456826814
13 5.05405 8.88312e+07 0 5.221194445881799
14 5.408 8.28216e+07 0 5.6021584611582
15 4.80535 9.36975e+07 0 4.984360413712503
16 4.74341 9.45481e+07 0 4.900539021044175
17 4.55644 9.88301e+07 0 4.721423593552389
18 4.68808 9.5597e+07 0 4.844258542176258
19 4.95077 9.07922e+07 0 5.128788031803379
20 4.94884 9.07113e+07 0 5.135259893882885
21 4.69039 9.60077e+07 0 4.8718416015996615
22 4.31273 1.0408e+08 0 4.47357435238564
23 5.04263 8.9724e+07 0 5.119908501329735
24 5.10546 8.85907e+07 0 5.197606009250668
25 5.43824 8.31524e+07 0 5.568444738026444
26 5.40603 8.35613e+07 0 5.536685276578809
27 5.04867 8.97048e+07 0 5.189871302783027
28 5.33908 8.45102e+07 0 5.519575261741563
29 4.41961 1.0251e+08 0 4.554905848530432
30 4.73909 9.52216e+07 0 4.8837644273236345
31 4.56854 9.9032e+07 0 4.728712189646885
32 4.66311 9.66652e+07 0 4.809109860935151
33 4.67731 9.68573e+07 0 4.833523303063625
34 4.257 1.06031e+08 0 4.420372241692906
35 4.93025 9.18266e+07 0 5.08275149499597
36 4.48765 1.00726e+08 0 4.653403742983819
37 5.14068 8.80959e+07 0 5.330151597992632
38 4.7139 9.57858e+07 0 4.902189883785469
39 4.29358 1.05327e+08 0 4.459536137867074
40 5.1696 8.72947e+07 0 5.367816850622818
41 4.55493 9.93813e+07 0 4.72602090817507
42 4.77553 9.46929e+07 0 4.965086485520433
43 4.54637 9.94971e+07 0 4.731634628576425
44 5.18676 8.70961e+07 0 5.396478518664686
45 4.7604 9.55824e+07 0 4.848580907530229
46 5.14434 8.84114e+07 0 5.281487921224491
47 5.22681 8.71567e+07 0 5.35328086308927
48 5.32866 8.51797e+07 0 5.47530477068186
49 5.22388 8.71814e+07 0 5.418620498825746
50 5.12599 8.85274e+07 0 5.282313861380854
51 4.55687 9.98915e+07 0 4.72091039860725
52 4.48234 1.01198e+08 0 4.6614995613498955
53 5.33734 8.52652e+07 0 5.520855639749671
54 4.73128 9.60457e+07 0 4.90058309608242
55 4.54854 1.00097e+08 0 4.724603506580033
56 4.65154 9.76345e+07 0 4.8523051532874115
57 4.68768 9.70451e+07 0 4.856676323533734
58 4.37652 1.03772e+08 0 4.549241512393721
59 5.08611 8.94276e+07 0 5.296301573796763
60 4.91211 9.25828e+07 0 5.113871943437081
61 4.70658 9.68288e+07 0 4.89875140863509
62 4.11435 1.1045e+08 0 4.279236233794732
63 4.62602 9.85079e+07 0 4.8043961040829695
64 4.40134 1.03162e+08 0 4.564784354258288
65 5.45596 8.34902e+07 0 5.649112721584745
66 4.66438 9.74252e+07 0 4.862448915471534
67 5.12797 8.91827e+07 0 5.248655668659533
68 5.12935 8.89098e+07 0 5.250850585738226
69 4.54555 1.00547e+08 0 4.674042346794233
70 4.48547 1.01673e+08 0 4.618485192152159
71 4.63032 9.85871e+07 0 4.765007359203082
72 4.78138 9.53284e+07 0 4.957472661498283
73 4.44001 1.02809e+08 0 4.600653991757354
74 4.86729 9.37637e+07 0 5.0232032175051025
75 5.42881 8.42793e+07 0 5.66240570989196
76 4.42743 1.03107e+08 0 4.5874180075422455
77 4.75272 9.617e+07 0 4.950987662623986
78 5.11432 8.93715e+07 0 5.295875564896618
79 4.23777 1.07877e+08 0 4.401508083664085
80 4.63652 9.84384e+07 0 4.8231356909993455
81 5.05774 9.03363e+07 0 5.271870781943388
82 4.22317 1.08036e+08 0 4.3979222439191545
83 4.23712 1.07739e+08 0 4.40963136670071
84 4.7886 9.5221e+07 0 4.960575135732462
85 4.8807 9.36816e+07 0 5.088323333091489
86 4.93715 9.25446e+07 0 5.142223240326113
87 4.87731 9.37268e+07 0 5.087665463979787
88 4.23644 1.07624e+08 0 4.416871274071473
89 4.67506 9.80891e+07 0 4.795019930538967
90 4.73351 9.67609e+07 0 4.875749088807492
91 5.17164 8.87317e+07 0 5.312852728649156
92 4.66806 9.82235e+07 0 4.7985019117644025
93 5.03261 9.13156e+07 0 5.201065254579998
94 3.91771 1.16949e+08 0 4.041819503682246
95 5.31967 8.6306e+07 0 5.498725823445663
96 4.54145 1.00905e+08 0 4.710399189907871
97 4.28317 1.07162e+08 0 4.459070426520611
98 4.32604 1.05749e+08 0 4.50391356180382
99 5.07375 9.03057e+07 0 5.296213077937228
100 5.36077 8.54172e+07 0 5.584562417875668
101 5.54294 8.27006e+07 0 5.779786185818013
102 5.17358 8.84388e+07 0 5.405962088906869
103 4.41134 1.03912e+08 0 4.602638983133249
104 4.62615 9.90126e+07 0 4.818140890299212
105 4.50131 1.01851e+08 0 4.699412973678321
106 3.65058 1.25501e+08 0 3.8021786801480095
107 4.29013 1.07095e+08 0 4.469562440335566
108 4.03074 1.13742e+08 0 4.2120458155819405
109 3.92095 1.1724e+08 0 4.090080063296173
110 5.36904 8.52485e+07 0 5.600484312840233
111 4.8076 9.57553e+07 0 4.922669513472112
112 5.07432 9.04627e+07 0 5.195122044263387
113 5.1975 8.86173e+07 0 5.358987639135179
114 5.26648 8.71985e+07 0 5.443102427410567
115 5.10991 9.0139e+07 0 5.283512836002182
116 5.11867 8.99033e+07 0 5.294445799749764
117 4.65848 9.87534e+07 0 4.820867381084031
118 5.63335 8.14967e+07 0 5.829766501326421
119 4.70433 9.80073e+07 0 4.887752521869225
120 4.87205 9.43972e+07 0 5.060361945406212
121 4.65646 9.9108e+07 0 4.854924253492847
122 3.71293 1.23619e+08 0 3.8604436660127046
123 5.17339 8.90136e+07 0 5.3976367930589895
124 4.27112 1.0744e+08 0 4.443674788611612
125 4.45397 1.03301e+08 0 4.649622028645789
126 4.74139 9.72374e+07 0 4.9475171623671965
127 4.22412 1.08981e+08 0 4.432398711640691
128 4.47494 1.02525e+08 0 4.687311337124985
129 4.69178 9.81036e+07 0 4.898767549772147
130 4.83251 9.51209e+07 0 5.043773455190698
131 5.33062 8.63145e+07 0 5.576382781807649
132 4.91068 9.36936e+07 0 5.13843433346559
133 4.37662 1.05378e+08 0 4.467664565376415
134 4.55415 1.01307e+08 0 4.679867572539629
135 5.34224 8.64927e+07 0 5.519063855400673
136 5.26005 8.748e+07 0 5.435102420672911
137 4.47876 1.03142e+08 0 4.628498863319751
138 4.34281 1.05966e+08 0 4.489267129578576
139 4.82087 9.59411e+07 0 4.98793219067138
140 4.90595 9.38994e+07 0 5.081352014357226
141 4.87408 9.44038e+07 0 5.070640000536155
142 5.2545 8.76336e+07 0 5.486919291402928
143 5.07079 9.10894e+07 0 5.289831159158934
144 5.06963 9.09127e+07 0 5.293069673064758
145 5.51273 8.36145e+07 0 5.750667444699454
146 4.97887 9.24842e+07 0 5.191824637689462
147 5.06852 9.10911e+07 0 5.299190611421639
148 5.36949 8.581e+07 0 5.623507425965217
149 4.37419 1.05562e+08 0 4.570376996743646
150 5.58921 8.23715e+07 0 5.845866330734381
151 5.35618 8.62419e+07 0 5.608591393428589
152 6.18395 7.44992e+07 0 6.478520961760747
153 5.45114 8.4619e+07 0 5.712463648497258
154 5.12722 9.00297e+07 0 5.343779183561676
155 4.75623 9.73492e+07 0 4.868973383986092
156 5.57849 8.2748e+07 0 5.7221359892025045
157 5.13622 8.98929e+07 0 5.292136275425366
158 4.98508 9.26299e+07 0 5.154031108485176
159 4.92276 9.38902e+07 0 5.0972876399961615
160 5.38589 8.5726e+07 0 5.564756843371762
161 4.86463 9.51168e+07 0 5.0542367105940285
162 4.80942 9.60746e+07 0 4.99395346772408
163 5.25629 8.7871e+07 0 5.462576142375453
164 4.74106 9.72349e+07 0 4.938583035988717
165 4.90576 9.427e+07 0 5.107058211415544
166 4.8255 9.56305e+07 0 5.02098208834754
167 3.76843 1.22667e+08 0 3.9443512537686414
168 4.67793 9.88463e+07 0 4.884414454058711
169 4.0263 1.14837e+08 0 4.223977495293009
170 4.49506 1.02769e+08 0 4.705346163870297
171 5.09821 9.06373e+07 0 5.338335221601784
172 5.48276 8.43259e+07 0 5.752726821367596
173 3.52586 1.3116e+08 0 3.696502690610174
174 4.24239 1.0879e+08 0 4.438344839968029
175 5.39393 8.56414e+07 0 5.658765374893368
176 5.3077 8.69635e+07 0 5.5721357533209455
177 4.9295 9.39129e+07 0 5.0753372520690645
178 5.00259 9.23986e+07 0 5.145826069929023
179 4.50877 1.02817e+08 0 4.654501840051578
180 5.41203 8.55117e+07 0 5.563284229797075
181 4.98258 9.28089e+07 0 5.162433899257419
182 4.65356 9.94687e+07 0 4.818114690889716
183 5.52365 8.38138e+07 0 5.729073723970309
184 5.40822 8.55018e+07 0 5.637668874449815
185 5.26974 8.78711e+07 0 5.485771930355614
186 5.58022 8.29265e+07 0 5.807059332865748
187 4.55379 1.01614e+08 0 4.756068042350659
188 4.94633 9.35518e+07 0 5.161159789953257
189 4.57734 1.01165e+08 0 4.766742215421893
190 5.32652 8.69084e+07 0 5.57154452461931
191 4.80584 9.62902e+07 0 5.033778212695454
192 5.36569 8.6228e+07 0 5.609623010528658
193 4.13565 1.11943e+08 0 4.324714922959139
194 5.29082 8.75348e+07 0 5.536152447165766
195 4.82144 9.59437e+07 0 5.044214966835923
196 4.61375 1.00401e+08 0 4.8476752124167675
197 5.05557 9.16369e+07 0 5.306792060954733
198 4.47638 1.03281e+08 0 4.694896178118453
199 5.23823 8.83859e+07 0 5.320251639289419
200 5.3755 8.60696e+07 0 5.528318172385638
201 5.00784 9.24172e+07 0 5.151352791453259
202 4.62732 1.0023e+08 0 4.796464443247466
203 4.43949 1.04543e+08 0 4.572887733324352
204 4.59174 1.00865e+08 0 4.75390071445766
205 5.51844 8.36823e+07 0 5.7160524894739435
206 5.42932 8.52085e+07 0 5.641216760924959
207 5.30225 8.72645e+07 0 5.4966580400837195
208 5.0154 9.21013e+07 0 5.226424540132825
209 4.92111 9.4142e+07 0 5.118075973490777
210 4.63897 9.9583e+07 0 4.851129868876927
211 4.1382 1.11838e+08 0 4.330875747874935
212 5.12773 9.0431e+07 0 5.373587835308428
213 5.1358 9.00591e+07 0 5.3704075562354
214 5.01732 9.2149e+07 0 5.229187333162286
215 4.82937 9.59467e+07 0 5.041486313247302
216 4.63125 9.99359e+07 0 4.836017008940407
217 4.75767 9.72808e+07 0 4.9645311624007915
218 4.74601 9.74588e+07 0 4.950956205680411
219 5.13027 9.01606e+07 0 5.35845269478182
220 5.20897 8.89086e+07 0 5.420232912020381
221 4.78412 9.6789e+07 0 4.868944823486288
222 5.47363 8.45374e+07 0 5.61986523535534
223 4.50423 1.0272e+08 0 4.621497977927471
224 4.75597 9.74525e+07 0 4.888805696214571
225 5.36707 8.62083e+07 0 5.54963050678421
226 5.31424 8.71254e+07 0 5.491203118452383
227 5.0806 9.12425e+07 0 5.264382476595078
228 5.15094 8.98159e+07 0 5.3561582568564905
229 5.17003 8.94425e+07 0 5.363329538299486
230 5.54031 8.36046e+07 0 5.760896903771378
231 5.48097 8.43586e+07 0 5.724255023648222
232 4.86589 9.52151e+07 0 5.067200036186806
233 5.41997 8.5289e+07 0 5.673925722092338
234 4.21004 1.10113e+08 0 4.3948424146870035
235 4.30259 1.07395e+08 0 4.492360791635434
236 5.1692 8.9486e+07 0 5.3922970234217535
237 4.75565 9.72127e+07 0 4.972790247044832
238 4.86854 9.50081e+07 0 5.06898518882224
239 4.31748 1.07077e+08 0 4.501762922315128
240 4.94053 9.35681e+07 0 5.150361644457912
241 4.6132 1.00322e+08 0 4.820604257379091
242 4.83356 9.56096e+07 0 5.009685678127862
243 5.24503 8.80577e+07 0 5.33841198451423
244 4.16196 1.11157e+08 0 4.268649146197207
245 4.0894 1.13036e+08 0 4.192393857324852
246 5.2591 8.79496e+07 0 5.420579255123613
247 5.38217 8.60286e+07 0 5.562330151687696
248 5.36225 8.62036e+07 0 5.534151768871215
249 4.78878 9.64213e+07 0 4.96422633415245
250 4.04668 1.14292e+08 0 4.207096613884909
251 4.72731 9.76081e+07 0 4.905906976227659
252 5.32841 8.67924e+07 0 5.536222374722903
253 4.52154 1.02359e+08 0 4.711666131558797
254 4.63389 9.9771e+07 0 4.8214637320183
255 4.47771 1.03152e+08 0 4.662512483104526
256 4.78752 9.64163e+07 0 4.994949079999033
257 5.31204 8.68985e+07 0 5.550642475282895
258 5.64458 8.1941e+07 0 5.893985374059472
259 5.1171 9.03827e+07 0 5.344941610617601
260 5.0574 9.12864e+07 0 5.29512423840825
261 4.88776 9.47283e+07 0 5.107464596493746
262 4.60218 1.00526e+08 0 4.797208383486101
263 4.46789 1.03357e+08 0 4.647800687444176
264 4.67094 9.90358e+07 0 4.863396019431556
265 4.58114 1.00904e+08 0 4.657163472386057
266 4.25194 1.09003e+08 0 4.341284458101181
267 5.00205 9.24148e+07 0 5.1307530004403175
268 5.19057 8.89637e+07 0 5.355182657820731
269 4.50868 1.02118e+08 0 4.625777922220435
270 5.74878 8.02408e+07 0 5.938635104853027
271 4.61591 1.00059e+08 0 4.753507737427057
272 4.46123 1.03547e+08 0 4.6250333126147956
273 4.57873 1.00791e+08 0 4.746143828925713
274 5.3802 8.58098e+07 0 5.5985408205134215
275 4.44764 1.03699e+08 0 4.644564316796218
276 5.0905 9.06374e+07 0 5.312388482177918
277 4.62832 9.96865e+07 0 4.8224384875963135
278 5.40842 8.54563e+07 0 5.66916083341231
279 5.61935 8.21638e+07 0 5.860422466362276
280 4.58103 1.00704e+08 0 4.785557245814138
281 5.19128 8.88608e+07 0 5.434104333083831
282 5.14889 8.96391e+07 0 5.3773814913438684
283 5.39553 8.54599e+07 0 5.633281722401521
284 5.02905 9.20742e+07 0 5.244103952080939
285 5.34372 8.62127e+07 0 5.564374002460464
286 4.97421 9.28267e+07 0 5.167727142169678
287 4.68311 9.82162e+07 0 4.758644383018021
288 5.49404 8.38543e+07 0 5.599744109786669
289 4.13293 1.11415e+08 0 4.23035583175253
290 4.92195 9.35999e+07 0 5.06340761098568
291 4.86602 9.46827e+07 0 5.008416432903737
292 4.74744 9.69228e+07 0 4.891440458407164
293 5.04001 9.13434e+07 0 5.22526637058067
294 4.58778 1.00265e+08 0 4.750343675214938
295 5.21562 8.83544e+07 0 5.3926332639466175
296 4.41226 1.04424e+08 0 4.564109706344473
297 5.61242 8.20397e+07 0 5.828361944070851
298 4.99794 9.2119e+07 0 5.1849162344860025
299 5.12825 8.99591e+07 0 5.337514646492125
300 5.35003 8.63661e+07 0 5.599181368794105
301 5.59056 8.23595e+07 0 5.837565383562996
302 5.18541 8.90148e+07 0 5.4016617821345365
303 5.01396 9.172e+07 0 5.211083691249988
304 4.8055 9.59667e+07 0 5.015195297094146
305 4.77136 9.65694e+07 0 4.975385183376708
306 5.07001 9.09323e+07 0 5.278899846144561
307 5.0022 9.21012e+07 0 5.206845567074407
308 5.3527 8.61859e+07 0 5.580198787299637
309 4.58926 9.99626e+07 0 4.645450453226863
310 5.21888 8.8255e+07 0 5.318365396199186
311 4.78729 9.57081e+07 0 4.900517486630137
312 4.89128 9.40892e+07 0 5.003637953802816
313 5.63314 8.148e+07 0 5.751580440903558
314 4.66186 9.86464e+07 0 4.812100591456823
315 5.06029 9.07288e+07 0 5.229564216955677
316 5.01232 9.17448e+07 0 5.201767584982222
317 5.01844 9.13889e+07 0 5.177946070639372
318 4.15345 1.10707e+08 0 4.298719851781864
319 4.9566 9.26598e+07 0 5.130473677585846
320 5.1486 8.93313e+07 0 5.3400840042833915
321 5.14875 8.90564e+07 0 5.350073930483256
322 4.6463 9.89248e+07 0 4.820073087779952
323 4.55622 1.00748e+08 0 4.724904492821934
324 4.56759 1.00541e+08 0 4.766368721052044
325 5.59842 8.18482e+07 0 5.8199608487869225
326 5.11639 8.99769e+07 0 5.3271780113240945
327 5.11951 8.96264e+07 0 5.340769389566952
328 4.7517 9.68013e+07 0 4.961280617210115
329 4.71733 9.72564e+07 0 4.9119176156734285
330 4.67955 9.8242e+07 0 4.88891234420713
331 4.82337 9.50636e+07 0 4.868586381589689
332 4.53845 1.0093e+08 0 4.6187661404944835
333 5.1879 8.81368e+07 0 5.304420339463708
334 4.80524 9.53147e+07 0 4.901182576528413
335 4.85127 9.4271e+07 0 4.967480697045513
336 5.43496 8.43023e+07 0 5.594841235798672
337 5.2321 8.72629e+07 0 5.381229712093103
338 4.78809 9.54002e+07 0 4.931153137695404
339 5.48156 8.33026e+07 0 5.655183757628806
340 5.06472 9.04303e+07 0 5.223413235805035
341 4.86735 9.39413e+07 0 5.041747613410022
342 4.27183 1.0712e+08 0 4.436194270471639
343 4.52382 1.0093e+08 0 4.709205606307722
344 4.66178 9.82582e+07 0 4.858284491146968
345 4.6373 9.8564e+07 0 4.8194979717283655
346 4.92161 9.30526e+07 0 5.142010303583626
347 4.85258 9.41132e+07 0 5.060363278308084
348 4.87761 9.38318e+07 0 5.087527135345812
349 5.36957 8.51165e+07 0 5.621018068745347
350 4.84093 9.47076e+07 0 5.048031202662667
351 4.50842 1.01213e+08 0 4.706717661975889
352 5.25799 8.6971e+07 0 5.494539441980177
353 4.45822 1.02102e+08 0 4.519125163964594
354 4.22788 1.07788e+08 0 4.2953850339562045
355 4.1796 1.0884e+08 0 4.247294011223758
356 4.65558 9.78462e+07 0 4.758618704941431
357 4.52473 1.00419e+08 0 4.624116106372392
358 5.22727 8.72712e+07 0 5.3621675767208
359 3.96823 1.14762e+08 0 4.064849687699668
360 5.0658 8.98879e+07 0 5.178007569834579
361 4.4227 1.02912e+08 0 4.554387646993575
362 5.0491 9.03436e+07 0 5.235986464476248
363 4.29591 1.06064e+08 0 4.454501672981287
364 5.18004 8.80713e+07 0 5.378081560333148
365 5.28349 8.60844e+07 0 5.495969089219806
366 4.99484 9.14076e+07 0 5.205111937708913
367 5.19809 8.73911e+07 0 5.403543026280235
368 5.14937 8.85268e+07 0 5.343122292030893
369 5.27513 8.61276e+07 0 5.502368067044007
370 4.54254 1.00544e+08 0 4.755607464907006
371 4.80584 9.48138e+07 0 5.001819969603134
372 4.41024 1.03377e+08 0 4.593431121926215
373 4.62524 9.85833e+07 0 4.820839045727671
374 5.63413 8.09561e+07 0 5.899400180371459
375 4.92277 9.20177e+07 0 4.964891080691396
376 3.98824 1.13893e+08 0 4.061998091833097
377 4.59862 9.83947e+07 0 4.676760190374585
378 5.01999 9.04568e+07 0 5.127366734517828
379 4.84213 9.36211e+07 0 4.94913177899472
380 4.32207 1.05022e+08 0 4.4307541191046775
381 4.5889 9.87667e+07 0 4.721141075956976
382 4.57167 9.9255e+07 0 4.700729712280629
383 4.92126 9.21406e+07 0 5.082789656350641
384 4.26972 1.06274e+08 0 4.41206824967912
385 4.25806 1.06522e+08 0 4.416700896327864
386 4.69143 9.68016e+07 0 4.8549054904083055
387 4.68064 9.67331e+07 0 4.863994980242986
388 4.41648 1.02921e+08 0 4.578877562700051
389 5.32616 8.48969e+07 0 5.534683258530025
390 4.36217 1.04181e+08 0 4.543310147955233
391 4.93711 9.1696e+07 0 5.144431002088267
392 4.85202 9.36179e+07 0 5.068759498613863
393 3.90503 1.15978e+08 0 4.0671337042225195
394 4.92635 9.20461e+07 0 5.1687357662532705
395 4.98878 9.07723e+07 0 5.228649132011451
396 4.79875 9.46931e+07 0 5.0262187103957805
397 4.57736 9.82503e+07 0 4.619093548896815
398 4.79754 9.41447e+07 0 4.873688415422229
399 4.69818 9.5979e+07 0 4.7761404511076355
400 4.32283 1.04511e+08 0 4.426659287867369
401 4.74874 9.47074e+07 0 4.84794781595612
402 4.98153 9.05149e+07 0 5.102761084902737
403 4.44654 1.01153e+08 0 4.566590505876968
404 4.42273 1.02115e+08 0 4.556285672767405
405 4.721 9.53013e+07 0 4.860571410732026
406 4.66074 9.69159e+07 0 4.825730134216564
407 4.18838 1.07586e+08 0 4.341815689692745
408 5.15044 8.76672e+07 0 5.334598273485106
409 4.21003 1.06829e+08 0 4.355192463288571
410 4.13517 1.0921e+08 0 4.292385208765925
411 4.42651 1.01612e+08 0 4.601135695586599
412 4.4199 1.02211e+08 0 4.5958584497925115
413 4.64679 9.67677e+07 0 4.839863427852446
414 4.65934 9.70154e+07 0 4.851290572435814
415 4.83803 9.28874e+07 0 5.033230912257544
416 4.75972 9.4934e+07 0 4.995233079659566
417 4.65382 9.66628e+07 0 4.849697665089087
418 4.70451 9.60697e+07 0 4.924333230606729
419 4.7255 9.47894e+07 0 4.7584018551168334
420 4.29205 1.04385e+08 0 4.331084614774653
421 4.50546 9.92994e+07 0 4.5444123777826535
422 4.74173 9.45393e+07 0 4.813330488516165
423 4.33719 1.03096e+08 0 4.410477363659004
424 5.02835 8.90963e+07 0 5.125984275467443
425 4.59613 9.72432e+07 0 4.702027294428347
426 3.91546 1.14602e+08 0 4.004488066330295
427 4.38275 1.01966e+08 0 4.482681966579658
428 4.84745 9.25215e+07 0 4.979300714403339
429 4.83295 9.25518e+07 0 4.992546260222325
430 4.56654 9.84052e+07 0 4.69168145314497
431 4.41882 1.01151e+08 0 4.544352660816253
432 4.3024 1.04307e+08 0 4.44918818461663
433 4.34822 1.02772e+08 0 4.4838769011234865
434 3.91174 1.14707e+08 0 4.049425082857629
435 4.55034 9.822e+07 0 4.713079649631275
436 4.709 9.50549e+07 0 4.881762248022913
437 4.90795 9.09772e+07 0 5.096142088031081
438 4.82921 9.30267e+07 0 5.033440835040581
439 4.43749 1.0084e+08 0 4.612739910255851
440 4.27912 1.04952e+08 0 4.462801256238723
