# /media/filip/Drive/XY/2023nov/cal_m08_012822_2023-11-15.02-11.root
# analyzed at 2024-11-17 18:55 on debian
# spherCalib: 2.37507e+09
# pixel calibConst adcSum stdCalib calibConstCorr
# nEvents 1567
1 5.96675 1.03037e+08 0 6.083417664254669
2 5.76801 1.06035e+08 0 5.921619646583674
3 6.66233 9.19394e+07 0 6.853703878818862
4 5.95029 1.02892e+08 0 6.116098211541688
5 6.72473 9.11796e+07 0 6.911140630839944
6 6.66916 9.17971e+07 0 6.864041286957009
7 7.13526 8.59532e+07 0 7.384885252253684
8 6.2041 9.85993e+07 0 6.407576055095043
9 5.94946 1.03257e+08 0 6.177504164133379
10 6.86051 8.91775e+07 0 7.087818845380029
11 6.46209 9.50209e+07 0 6.671798705135766
12 6.38152 9.59467e+07 0 6.601524321991515
13 6.89189 8.88312e+07 0 7.119814364643862
14 7.37455 8.28216e+07 0 7.639311701134282
15 6.55275 9.36975e+07 0 6.796855109607958
16 6.46829 9.45481e+07 0 6.682556967335698
17 6.21332 9.88301e+07 0 6.438297364234123
18 6.39283 9.5597e+07 0 6.6058005273332885
19 6.75105 9.07922e+07 0 6.993801861550061
20 6.74842 9.07113e+07 0 7.002629014693775
21 6.39599 9.60077e+07 0 6.64342414285708
22 5.881 1.0408e+08 0 6.100333377322474
23 6.87632 8.9724e+07 0 6.981699872063522
24 6.96199 8.85907e+07 0 7.087643632570436
25 7.41579 8.31524e+07 0 7.5933421113833
26 7.37186 8.35613e+07 0 7.550026308215132
27 6.88454 8.97048e+07 0 7.077086951387565
28 7.28056 8.45102e+07 0 7.526689779442368
29 6.02675 1.0251e+08 0 6.211244617201695
30 6.4624 9.52216e+07 0 6.659683448749918
31 6.22983 9.9032e+07 0 6.448246717863443
32 6.35879 9.66652e+07 0 6.557880833309923
33 6.37815 9.68573e+07 0 6.591168140541306
34 5.805 1.06031e+08 0 6.027780329581237
35 6.72307 9.18266e+07 0 6.931026640325046
36 6.11952 1.00726e+08 0 6.3455477306083
37 7.01002 8.80959e+07 0 7.268390427912323
38 6.42805 9.57858e+07 0 6.684809113996305
39 5.85489 1.05327e+08 0 6.0811941406091305
40 7.04945 8.72947e+07 0 7.319745531109374
41 6.21127 9.93813e+07 0 6.444575852169093
42 6.51208 9.46929e+07 0 6.770565864025126
43 6.1996 9.94971e+07 0 6.452233769649722
44 7.07285 8.70961e+07 0 7.358829614390782
45 6.49145 9.55824e+07 0 6.611696607887384
46 7.015 8.84114e+07 0 7.202019650215538
47 7.12747 8.71567e+07 0 7.299930311842764
48 7.26635 8.51797e+07 0 7.466320016747951
49 7.12348 8.71814e+07 0 7.389035496790742
50 6.98999 8.85274e+07 0 7.203159012778712
51 6.21391 9.98915e+07 0 6.437601321742684
52 6.11228 1.01198e+08 0 6.356588420076956
53 7.27819 8.52652e+07 0 7.52843856840105
54 6.45175 9.60457e+07 0 6.682618020947769
55 6.20255 1.00097e+08 0 6.442636423937787
56 6.34301 9.76345e+07 0 6.616780702811023
57 6.39229 9.70451e+07 0 6.622739499317669
58 5.96798 1.03772e+08 0 6.203509263326906
59 6.93561 8.94276e+07 0 7.222235098776976
60 6.69833 9.25828e+07 0 6.973459848188029
61 6.41806 9.68288e+07 0 6.680111772391954
62 5.61048 1.1045e+08 0 5.835324973563423
63 6.30821 9.85079e+07 0 6.551450176985234
64 6.00183 1.03162e+08 0 6.224708766175305
65 7.43994 8.34902e+07 0 7.703329881785645
66 6.36052 9.74252e+07 0 6.630614052850539
67 6.99268 8.91827e+07 0 7.157251216587098
68 6.99457 8.89098e+07 0 7.1602526599836285
69 6.19848 1.00547e+08 0 6.373696913631379
70 6.11655 1.01673e+08 0 6.297934352934761
71 6.31407 9.85871e+07 0 6.497734501400207
72 6.52006 9.53284e+07 0 6.760186222665526
73 6.05455 1.02809e+08 0 6.273609659841866
74 6.63721 9.37637e+07 0 6.849818816478378
75 7.40293 8.42793e+07 0 7.721469917335565
76 6.03741 1.03107e+08 0 6.255575661933815
77 6.48098 9.617e+07 0 6.751344918638759
78 6.97408 8.93715e+07 0 7.221656028491413
79 5.77878 1.07877e+08 0 6.002059310372282
80 6.32252 9.84384e+07 0 6.576995649551211
81 6.89692 9.03363e+07 0 7.188916597808704
82 5.75887 1.08036e+08 0 5.997168589670485
83 5.77789 1.07739e+08 0 6.013132735760697
84 6.52991 9.5221e+07 0 6.764421581374673
85 6.6555 9.36816e+07 0 6.93862272694294
86 6.73247 9.25446e+07 0 7.012115025631862
87 6.65088 9.37268e+07 0 6.93772847759808
88 5.77697 1.07624e+08 0 6.023012917490317
89 6.37508 9.80891e+07 0 6.538661676808502
90 6.45478 9.67609e+07 0 6.648742202605007
91 7.05224 8.87317e+07 0 7.244802911085984
92 6.36553 9.82235e+07 0 6.543405156401943
93 6.86265 9.13156e+07 0 7.092361710790907
94 5.34233 1.16949e+08 0 5.51157017469562
95 7.2541 8.6306e+07 0 7.498267184967711
96 6.19289 1.00905e+08 0 6.423275394243812
97 5.84068 1.07162e+08 0 6.08054395664202
98 5.89914 1.05749e+08 0 6.141694632730948
99 6.91875 9.03057e+07 0 7.222108742641675
100 7.31015 8.54172e+07 0 7.615321858433364
101 7.55856 8.27006e+07 0 7.881532304639164
102 7.05488 8.84388e+07 0 7.371764585023774
103 6.01546 1.03912e+08 0 6.276322092035239
104 6.30839 9.90126e+07 0 6.570195910412469
105 6.13815 1.01851e+08 0 6.408290418652256
106 4.97807 1.25501e+08 0 5.184795737193651
107 5.85018 1.07095e+08 0 6.094860714524343
108 5.49646 1.13742e+08 0 5.743695039499823
109 5.34675 1.1724e+08 0 5.577381904494782
110 7.32142 8.52485e+07 0 7.63702595952251
111 6.55581 9.57553e+07 0 6.712722777085366
112 6.91952 9.04627e+07 0 7.084249887220632
113 7.0875 8.86173e+07 0 7.307710417002517
114 7.18157 8.71985e+07 0 7.4224189780686345
115 6.96806 9.0139e+07 0 7.204791170888209
116 6.98 8.99033e+07 0 7.219694116294536
117 6.35248 9.87534e+07 0 6.573917591357843
118 7.68184 8.14967e+07 0 7.949680651929908
119 6.41499 9.80073e+07 0 6.6651114080572285
120 6.6437 9.43972e+07 0 6.900488840774469
121 6.34972 9.9108e+07 0 6.620353150438015
122 5.06308 1.23619e+08 0 5.264234746282748
123 7.05462 8.90136e+07 0 7.360410963227169
124 5.82425 1.0744e+08 0 6.059551800832378
125 6.0736 1.03301e+08 0 6.3403984205513435
126 6.46553 9.72374e+07 0 6.746612415093461
127 5.76017 1.08981e+08 0 6.044186738736436
128 6.10219 1.02525e+08 0 6.391787234754145
129 6.39789 9.81036e+07 0 6.680146110647074
130 6.58979 9.51209e+07 0 6.877876688776869
131 7.26903 8.63145e+07 0 7.6041611918394585
132 6.69638 9.36936e+07 0 7.006954006763283
133 5.96811 1.05378e+08 0 6.09226150985661
134 6.2102 1.01307e+08 0 6.381632927985597
135 7.28488 8.64927e+07 0 7.5260036799041705
136 7.17279 8.748e+07 0 7.411497664846998
137 6.10741 1.03142e+08 0 6.311599693403461
138 5.92201 1.05966e+08 0 6.12172414497425
139 6.57392 9.59411e+07 0 6.801732298713386
140 6.68993 9.38994e+07 0 6.929114500027282
141 6.64648 9.44038e+07 0 6.914516657659198
142 7.16523 8.76336e+07 0 7.482165518001523
143 6.91472 9.10894e+07 0 7.21341276464998
144 6.91313 9.09127e+07 0 7.217820383135291
145 7.51736 8.36145e+07 0 7.841820191100577
146 6.78937 9.24842e+07 0 7.079762765525048
147 6.91162 9.10911e+07 0 7.2261709165030465
148 7.32203 8.581e+07 0 7.668417313029748
149 5.9648 1.05562e+08 0 6.232327518963854
150 7.62165 8.23715e+07 0 7.971635905546884
151 7.30388 8.62419e+07 0 7.648077268993052
152 8.43265 7.44992e+07 0 8.834337242085036
153 7.43337 8.4619e+07 0 7.789720299025538
154 6.99167 9.00297e+07 0 7.286978246365995
155 6.48576 9.73492e+07 0 6.639500784218097
156 7.60703 8.2748e+07 0 7.802910847548912
157 7.00393 8.98929e+07 0 7.216542909676765
158 6.79783 9.26299e+07 0 7.02821765953481
159 6.71285 9.38902e+07 0 6.9508420752074525
160 7.3444 8.5726e+07 0 7.588309482826342
161 6.63359 9.51168e+07 0 6.8921447470885635
162 6.5583 9.60746e+07 0 6.8099365468964725
163 7.16767 8.7871e+07 0 7.448969356413034
164 6.46508 9.72349e+07 0 6.734429518780597
165 6.68968 9.427e+07 0 6.964177859443254
166 6.58022 9.56305e+07 0 6.846786189490467
167 5.13876 1.22667e+08 0 5.378652236824393
168 6.379 9.88463e+07 0 6.6605699107170295
169 5.49041 1.14837e+08 0 5.759970265487342
170 6.12963 1.02769e+08 0 6.416383987409354
171 6.9521 9.06373e+07 0 7.279543269911942
172 7.47649 8.43259e+07 0 7.844626529829251
173 4.808 1.3116e+08 0 5.040695018081749
174 5.78508 1.0879e+08 0 6.052291271382933
175 7.35536 8.56414e+07 0 7.7164991922171176
176 7.23778 8.69635e+07 0 7.598374571409702
177 6.72205 9.39129e+07 0 6.920919114569602
178 6.82171 9.23986e+07 0 7.017031809421824
179 6.14832 1.02817e+08 0 6.347045148283439
180 7.38004 8.55117e+07 0 7.586295742498029
181 6.79443 9.28089e+07 0 7.039685415614318
182 6.34576 9.94687e+07 0 6.5701526317185825
183 7.53225 8.38138e+07 0 7.812373259959513
184 7.37485 8.55018e+07 0 7.687735021640433
185 7.18601 8.78711e+07 0 7.480599033207473
186 7.6094 8.29265e+07 0 7.918726732549724
187 6.20972 1.01614e+08 0 6.485553976785432
188 6.745 9.35518e+07 0 7.037949910991528
189 6.24183 1.01165e+08 0 6.500105861152291
190 7.26343 8.69084e+07 0 7.597554059020829
191 6.55342 9.62902e+07 0 6.864244921729113
192 7.31685 8.6228e+07 0 7.64948592344817
193 5.63952 1.11943e+08 0 5.8973356793554865
194 7.21476 8.75348e+07 0 7.549304499059443
195 6.57469 9.59437e+07 0 6.878474003680741
196 6.29148 1.00401e+08 0 6.610469064300374
197 6.89395 9.16369e+07 0 7.236525085918875
198 6.10416 1.03281e+08 0 6.402136872790858
199 7.14304 8.83859e+07 0 7.254887675705323
200 7.33023 8.60696e+07 0 7.53861849442217
201 6.82887 9.24172e+07 0 7.024569182915472
202 6.30998 1.0023e+08 0 6.540631447058479
203 6.05385 1.04543e+08 0 6.235755999987752
204 6.26146 1.00865e+08 0 6.482588118566831
205 7.52515 8.36823e+07 0 7.79462173932576
206 7.40362 8.52085e+07 0 7.692570199494457
207 7.23034 8.72645e+07 0 7.4954418395094375
208 6.83918 9.21013e+07 0 7.126940660044188
209 6.7106 9.4142e+07 0 6.979189781920586
210 6.32587 9.9583e+07 0 6.615178995258104
211 5.64299 1.11838e+08 0 5.905729190590299
212 6.99236 9.0431e+07 0 7.32762072809942
213 7.00336 9.00591e+07 0 7.323279228754381
214 6.8418 9.2149e+07 0 7.130709999766753
215 6.58551 9.59467e+07 0 6.8747597576398665
216 6.31535 9.99359e+07 0 6.594578141411454
217 6.48773 9.72808e+07 0 6.769813324220152
218 6.47183 9.74588e+07 0 6.7513020201408445
219 6.99583 9.01606e+07 0 7.306988543631329
220 7.10315 8.89086e+07 0 7.3912361578234425
221 6.5238 9.6789e+07 0 6.6394702138449375
222 7.46404 8.45374e+07 0 7.663451660287903
223 6.14213 1.0272e+08 0 6.302040831655501
224 6.48542 9.74525e+07 0 6.666559763485452
225 7.31873 8.62083e+07 0 7.567676083769505
226 7.2467 8.71254e+07 0 7.488013646069596
227 6.92809 9.12425e+07 0 7.178702435199307
228 7.024 8.98159e+07 0 7.3038427153412755
229 7.05004 8.94425e+07 0 7.313630245509777
230 7.55496 8.36046e+07 0 7.855759997566311
231 7.47405 8.43586e+07 0 7.805802304974848
232 6.6353 9.52151e+07 0 6.909813497656197
233 7.39087 8.5289e+07 0 7.737173342590566
234 5.74097 1.10113e+08 0 5.992973572090917
235 5.86717 1.07395e+08 0 6.125948432423184
236 7.04891 8.9486e+07 0 7.353133252992306
237 6.48498 9.72127e+07 0 6.781080461405024
238 6.63892 9.50081e+07 0 6.91225442325127
239 5.88747 1.07077e+08 0 6.1387647776579515
240 6.73709 9.35681e+07 0 7.02322421506619
241 6.29072 1.00322e+08 0 6.573543660361526
242 6.59121 9.56096e+07 0 6.831381081135466
243 7.15231 8.80577e+07 0 7.27964900505068
244 5.6754 1.11157e+08 0 5.820885199359829
245 5.57645 1.13036e+08 0 5.716896054599494
246 7.1715 8.79496e+07 0 7.391698984259472
247 7.33932 8.60286e+07 0 7.584992842828179
248 7.31216 8.62036e+07 0 7.5465715321496285
249 6.53016 9.64213e+07 0 6.769405200954932
250 5.51819 1.14292e+08 0 5.736939531609507
251 6.44633 9.76081e+07 0 6.68987126252893
252 7.26602 8.67924e+07 0 7.549400759172831
253 6.16574 1.02359e+08 0 6.425003059576458
254 6.31894 9.9771e+07 0 6.574722325044339
255 6.10597 1.03152e+08 0 6.35797346109099
256 6.52844 9.64163e+07 0 6.811297993915198
257 7.24369 8.68985e+07 0 7.569056970915497
258 7.69716 8.1941e+07 0 8.037258478362537
259 6.97786 9.03827e+07 0 7.288552943476604
260 6.89646 9.12864e+07 0 7.2206296724034
261 6.66513 9.47283e+07 0 6.964727299627716
262 6.2757 1.00526e+08 0 6.541647795662866
263 6.09258 1.03357e+08 0 6.337912865426105
264 6.36946 9.90358e+07 0 6.631899876669047
265 6.24701 1.00904e+08 0 6.350678386521788
266 5.79809 1.09003e+08 0 5.919923141829818
267 6.82097 9.24148e+07 0 6.996473904381882
268 7.07806 8.89637e+07 0 7.3025321232571
269 6.1482 1.02118e+08 0 6.307878984846048
270 7.83924 8.02408e+07 0 8.09813314466166
271 6.29442 1.00059e+08 0 6.482053197011124
272 6.0835 1.03547e+08 0 6.306868320461422
273 6.24372 1.00791e+08 0 6.4720114851804
274 7.33663 8.58098e+07 0 7.634367224267384
275 6.06496 1.03699e+08 0 6.333492998263436
276 6.94159 9.06374e+07 0 7.244165163343761
277 6.31135 9.96865e+07 0 6.576057219183417
278 7.37512 8.54563e+07 0 7.730675769580726
279 7.66275 8.21638e+07 0 7.991485181403103
280 6.24686 1.00704e+08 0 6.525760830334337
281 7.07901 8.88608e+07 0 7.4101337078608305
282 7.02121 8.96391e+07 0 7.332789145007659
283 7.35754 8.54599e+07 0 7.6817468541251905
284 6.85779 9.20742e+07 0 7.151045155952146
285 7.28689 8.62127e+07 0 7.587781783998623
286 6.78302 9.28267e+07 0 7.0469072596210784
287 6.38606 9.82162e+07 0 6.489061446051036
288 7.49187 8.38543e+07 0 7.63601191541879
289 5.63581 1.11415e+08 0 5.768663321215029
290 6.71175 9.35999e+07 0 6.9046467422532
291 6.63548 9.46827e+07 0 6.829656900753407
292 6.47378 9.69228e+07 0 6.670144206314799
293 6.87273 9.13434e+07 0 7.125351922532076
294 6.25607 1.00265e+08 0 6.477747964418938
295 7.11222 8.83544e+07 0 7.353602093807909
296 6.01671 1.04424e+08 0 6.223777499798256
297 7.6533 8.20397e+07 0 7.947766287369342
298 6.81538 9.2119e+07 0 7.070347864558441
299 6.99307 8.99591e+07 0 7.27843095577335
300 7.29549 8.63661e+07 0 7.635241612518752
301 7.62349 8.23595e+07 0 7.960315482874464
302 7.07101 8.90148e+07 0 7.365898642169304
303 6.83721 9.172e+07 0 7.106014711854767
304 6.55296 9.59667e+07 0 6.838908370418489
305 6.5064 9.65694e+07 0 6.7846161591500564
306 6.91365 9.09323e+07 0 7.198499790197128
307 6.82118 9.21012e+07 0 7.100242062535805
308 7.29914 8.61859e+07 0 7.609365773596555
309 6.25809 9.99626e+07 0 6.334713445486744
310 7.11666 8.8255e+07 0 7.2523220078857715
311 6.52812 9.57081e+07 0 6.682521053627403
312 6.66993 9.40892e+07 0 6.823145454197678
313 7.68156 8.148e+07 0 7.843069806826589
314 6.35709 9.86464e+07 0 6.561963797485179
315 6.9004 9.07288e+07 0 7.13122862971904
316 6.83498 9.17448e+07 0 7.093317547164146
317 6.84333 9.13889e+07 0 7.0608383648282205
318 5.66379 1.10707e+08 0 5.861885061653228
319 6.75901 9.26598e+07 0 6.996110820227477
320 7.02082 8.93313e+07 0 7.281934618916388
321 7.02102 8.90564e+07 0 7.295552525836669
322 6.33587 9.89248e+07 0 6.5728335395201265
323 6.21303 1.00748e+08 0 6.443054409365101
324 6.22853 1.00541e+08 0 6.4995918132175365
325 7.63421 8.18482e+07 0 7.936311193411286
326 6.9769 8.99769e+07 0 7.264338384526409
327 6.98116 8.96264e+07 0 7.282877781598088
328 6.47959 9.68013e+07 0 6.765381710644295
329 6.43272 9.72564e+07 0 6.6980666361468835
330 6.3812 9.8242e+07 0 6.666693902374062
331 6.57732 9.50636e+07 0 6.63897867660111
332 6.1888 1.0093e+08 0 6.298322090205303
333 7.07441 8.81368e+07 0 7.233301392414166
334 6.5526 9.53147e+07 0 6.6834307861751086
335 6.61537 9.4271e+07 0 6.773839175888783
336 7.41131 8.43023e+07 0 7.629329893741086
337 7.13468 8.72629e+07 0 7.338038646485431
338 6.52921 9.54002e+07 0 6.724295988206613
339 7.47485 8.33026e+07 0 7.711609525520414
340 6.90644 9.04303e+07 0 7.122839980945308
341 6.63729 9.39413e+07 0 6.8751047319404215
342 5.82522 1.0712e+08 0 6.04935299116229
343 6.16884 1.0093e+08 0 6.42163833052936
344 6.35697 9.82582e+07 0 6.624930554785197
345 6.32359 9.8564e+07 0 6.5720417439117105
346 6.71129 9.30526e+07 0 7.011836031367326
347 6.61716 9.41132e+07 0 6.900501067615398
348 6.65129 9.38318e+07 0 6.937540795605685
349 7.32214 8.51165e+07 0 7.6650236875360696
350 6.60126 9.47076e+07 0 6.883670380874948
351 6.14784 1.01213e+08 0 6.4182456627824935
352 7.16998 8.6971e+07 0 7.49254713459117
353 6.07939 1.02102e+08 0 6.1624424838959735
354 5.76529 1.07788e+08 0 5.857342304516061
355 5.69946 1.0884e+08 0 5.791770103648522
356 6.34852 9.78462e+07 0 6.489027365160683
357 6.17008 1.00419e+08 0 6.305606368911772
358 7.12809 8.72712e+07 0 7.3120411002201475
359 5.41123 1.14762e+08 0 5.542984296669062
360 6.90791 8.98879e+07 0 7.060920342638079
361 6.03096 1.02912e+08 0 6.210534226493404
362 6.88513 9.03436e+07 0 7.139974943288775
363 5.85805 1.06064e+08 0 6.074311036639043
364 7.06369 8.80713e+07 0 7.333746638425504
365 7.20476 8.60844e+07 0 7.494504249132164
366 6.81114 9.14076e+07 0 7.097874230887612
367 7.0883 8.73911e+07 0 7.36846303799707
368 7.02187 8.85268e+07 0 7.286077739362867
369 7.19335 8.61276e+07 0 7.503219699812329
370 6.19438 1.00544e+08 0 6.484926884181682
371 6.55342 9.48138e+07 0 6.820665487239811
372 6.01396 1.03377e+08 0 6.263765924307832
373 6.30714 9.85833e+07 0 6.573865740776873
374 7.68291 8.09561e+07 0 8.044642320957749
375 6.71287 9.20177e+07 0 6.770307852863501
376 5.43851 1.13893e+08 0 5.539089232948673
377 6.27085 9.83947e+07 0 6.37740488229305
378 6.84543 9.04568e+07 0 6.991852586453435
379 6.6029 9.36211e+07 0 6.748811416365161
380 5.89373 1.05022e+08 0 6.041935571240357
381 6.25759 9.87667e+07 0 6.437918713743514
382 6.23409 9.9255e+07 0 6.410080362762743
383 6.71081 9.21406e+07 0 6.931077743044352
384 5.82235 1.06274e+08 0 6.016461401103402
385 5.80645 1.06522e+08 0 6.022778664340785
386 6.3974 9.68016e+07 0 6.62032096489516
387 6.38269 9.67331e+07 0 6.632719482901292
388 6.02248 1.02921e+08 0 6.243931489287805
389 7.26295 8.48969e+07 0 7.54730007595353
390 5.94841 1.04181e+08 0 6.195419141665361
391 6.73242 9.1696e+07 0 7.015130342868418
392 6.6164 9.36179e+07 0 6.911954267836644
393 5.32503 1.15978e+08 0 5.54608005290511
394 6.71776 9.20461e+07 0 7.048286536909795
395 6.80288 9.07723e+07 0 7.1299741835033945
396 6.54375 9.46931e+07 0 6.853934605085155
397 6.24185 9.82503e+07 0 6.298759343416638
398 6.5421 9.41447e+07 0 6.64593874830304
399 6.40661 9.5979e+07 0 6.512919721141098
400 5.89477 1.04511e+08 0 6.036355436217
401 6.47555 9.47074e+07 0 6.610833290433811
402 6.79299 9.05149e+07 0 6.958304983034016
403 6.06347 1.01153e+08 0 6.227175407096263
404 6.031 1.02115e+08 0 6.213121509217208
405 6.43773 9.53013e+07 0 6.628054731627174
406 6.35556 9.69159e+07 0 6.5805467397497885
407 5.71142 1.07586e+08 0 5.920650219518033
408 7.02332 8.76672e+07 0 7.274444658346359
409 5.74095 1.06829e+08 0 5.938898813575324
410 5.63887 1.0921e+08 0 5.853254444715432
411 6.03615 1.01612e+08 0 6.27427594852718
412 6.02713 1.02211e+08 0 6.267073087286575
413 6.33653 9.67677e+07 0 6.5998118715263345
414 6.35365 9.70154e+07 0 6.615400967853131
415 6.59731 9.28874e+07 0 6.863492915452325
416 6.49053 9.4934e+07 0 6.811684334482449
417 6.34612 9.66628e+07 0 6.613225983466304
418 6.41524 9.60697e+07 0 6.714998908349118
419 6.44387 9.47894e+07 0 6.488736210375984
420 5.85279 1.04385e+08 0 5.906018970540172
421 6.14381 9.92994e+07 0 6.1969268866541585
422 6.466 9.45393e+07 0 6.563637098431485
423 5.91435 1.03096e+08 0 6.01428731408046
424 6.85684 8.90963e+07 0 6.989977630713094
425 6.26745 9.72432e+07 0 6.4118554014932005
426 5.33926 1.14602e+08 0 5.46066182595013
427 5.97648 1.01966e+08 0 6.11275092570281
428 6.61016 9.25215e+07 0 6.789956453459112
429 6.59039 9.25518e+07 0 6.80802138402148
430 6.2271 9.84052e+07 0 6.397747436106778
431 6.02566 1.01151e+08 0 6.196840797808933
432 5.86691 1.04307e+08 0 6.067075737311536
433 5.92939 1.02772e+08 0 6.1143766549881535
434 5.33419 1.14707e+08 0 5.521942353716846
435 6.205 9.822e+07 0 6.426917378912797
436 6.42137 9.50549e+07 0 6.656955117134613
437 6.69267 9.09772e+07 0 6.949295992889693
438 6.58528 9.30267e+07 0 6.863776324114305
439 6.05113 1.0084e+08 0 6.290107437570897
440 5.83517 1.04952e+08 0 6.085644713484667
