1.814267610349898030e+00 2.052059960317461105e+02
1.840169602545680405e+00 2.008465119047619396e+02
1.866071594741463002e+00 1.933248968253968485e+02
1.891973586937244267e+00 1.859117341269841290e+02
1.917875579133026198e+00 1.788158095238096053e+02
1.943777571328806797e+00 1.721111626984127270e+02
1.969679563524588506e+00 1.656552738095237487e+02
1.995581555720371547e+00 1.595810079365079730e+02
2.021483547916153256e+00 1.536747619047619082e+02
2.047385540111935853e+00 1.481562063492063430e+02
2.073287532307716674e+00 1.427575238095238035e+02
2.099189524503499715e+00 1.375584325396825420e+02
2.125091516699281424e+00 1.326619404761905230e+02
2.150993508895062245e+00 1.280277936507936545e+02
2.176895501090844398e+00 1.235762301587301835e+02
2.202797493286626551e+00 1.192422936507936555e+02
2.228699485482407372e+00 1.150973809523809592e+02
2.254601477678189969e+00 1.110727817460317510e+02
2.280503469873971678e+00 1.073330277777777724e+02
2.306405462069753831e+00 1.037367460317460370e+02
2.332307454265536428e+00 1.003190396825396817e+02
2.358209446461316361e+00 9.711834920634920820e+01
2.384111438657099846e+00 9.398032142857141480e+01
2.410013430852880223e+00 9.101219841269842448e+01
2.435915423048662376e+00 8.816798809523808700e+01
2.461817415244445417e+00 8.536822222222221512e+01
2.487719407440226238e+00 8.277807142857143674e+01
2.513621399636007947e+00 8.019419841269839822e+01
2.539523391831788324e+00 7.774183730158729588e+01
2.565425384027572253e+00 7.543736507936507962e+01
2.591327376223354406e+00 7.322589682539683054e+01
2.617229368419133451e+00 7.110822222222222422e+01
2.643131360614917824e+00 6.902383333333331450e+01
2.669033352810696869e+00 6.703397222222223206e+01
2.694935345006481242e+00 6.509498015873018062e+01
2.720837337202262063e+00 6.325985317460316537e+01
2.746739329398043328e+00 6.152044047619048683e+01
2.772641321593827701e+00 5.981781349206347898e+01
2.798543313789607190e+00 5.817744047619046910e+01
2.824445305985390675e+00 5.663387301587302147e+01
2.850347298181171496e+00 5.509057539682538618e+01
2.876249290376952761e+00 5.357197619047617820e+01
2.902151282572735802e+00 5.216834523809522750e+01
2.928053274768517511e+00 5.081987698412698506e+01
2.953955266964300996e+00 4.947509920634921343e+01
2.979857259160083593e+00 4.821823809523809246e+01
3.005759251355861750e+00 4.698026984126982342e+01
3.031661243551647900e+00 4.572750396825396990e+01
3.057563235747426500e+00 4.457946428571429465e+01
3.083465227943208653e+00 4.346280952380953266e+01
3.109367220138990362e+00 4.240606746031747321e+01
3.135269212334770739e+00 4.139795238095238972e+01
3.161171204530556889e+00 4.041061904761905055e+01
3.187073196726335489e+00 3.944769444444445838e+01
3.212975188922120751e+00 3.850060317460317094e+01
3.238877181117901571e+00 3.759558730158729389e+01
3.264779173313680616e+00 3.676390079365079799e+01
3.290681165509464989e+00 3.591980952380951919e+01
3.316583157705243590e+00 3.512017857142856769e+01
3.342485149901029295e+00 3.431901190476189356e+01
3.368387142096808340e+00 3.357976587301587301e+01
3.394289134292590937e+00 3.285280555555555537e+01
3.420191126488372202e+00 3.214257142857143634e+01
3.446093118684153467e+00 3.147889682539681999e+01
3.471995110879936064e+00 3.081445238095238182e+01
3.497897103075717329e+00 3.016955158730159781e+01
3.523799095271499482e+00 2.952985714285714636e+01
3.549701087467282967e+00 2.891810317460317847e+01
3.575603079663062900e+00 2.831361507936507493e+01
3.601505071858844609e+00 2.775246825396826011e+01
3.627407064054627206e+00 2.718424206349206074e+01
3.653309056250408027e+00 2.665532539682539692e+01
3.679211048446190624e+00 2.613544841269841612e+01
3.705113040641972333e+00 2.561830158730158757e+01
3.731015032837755818e+00 2.513283333333333047e+01
3.756917025033535751e+00 2.465474999999999284e+01
3.782819017229318792e+00 2.418512698412698114e+01
3.808721009425101389e+00 2.372717063492063971e+01
3.834623001620882210e+00 2.328440873015873080e+01
3.860524993816662587e+00 2.286519444444444105e+01
3.886426986012443852e+00 2.245544841269841640e+01
3.912328978208228669e+00 2.206409920634920496e+01
3.938230970404007714e+00 2.168820634920634660e+01
3.964132962599790311e+00 2.130928174603174341e+01
3.990034954795573796e+00 2.094269047619047797e+01
4.015936946991355505e+00 2.058565476190475607e+01
4.041838939187137214e+00 2.023093253968254146e+01
4.067740931382919811e+00 1.987266269841269661e+01
4.093642923578702408e+00 1.954712301587301226e+01
4.119544915774485894e+00 1.920809920634920331e+01
4.145446907970263162e+00 1.888711111111111052e+01
4.171348900166046647e+00 1.857613095238095369e+01
4.197250892361829244e+00 1.827351587301587443e+01
4.223152884557608289e+00 1.795794841269842124e+01
4.249054876753392662e+00 1.768346825396825750e+01
4.274956868949173483e+00 1.739473015873015527e+01
4.300858861144955192e+00 1.713646031746031895e+01
4.326760853340738677e+00 1.688179365079364658e+01
4.352662845536517722e+00 1.662595238095238059e+01
4.378564837732300319e+00 1.636455555555555819e+01
4.404466829928083804e+00 1.611637301587301252e+01
4.430368822123862849e+00 1.587634920634920732e+01
4.456270814319644558e+00 1.563791666666667091e+01
4.482172806515429819e+00 1.540805158730158908e+01
4.508074798711209752e+00 1.518621031746031491e+01
4.533976790906993237e+00 1.497538492063491944e+01
4.559878783102773170e+00 1.474605158730158649e+01
4.585780775298556655e+00 1.454804365079365525e+01
4.611682767494337476e+00 1.434142857142857252e+01
4.637584759690119185e+00 1.413892857142857551e+01
4.663486751885902670e+00 1.394455555555555648e+01
4.689388744081684379e+00 1.374411111111110984e+01
4.715290736277463424e+00 1.356120634920634593e+01
4.741192728473246021e+00 1.338182142857142942e+01
4.767094720669030394e+00 1.320211904761904620e+01
4.792996712864807662e+00 1.303431746031746030e+01
4.818898705060590260e+00 1.286704365079364720e+01
4.844800697256374633e+00 1.269825396825396879e+01
4.870702689452154566e+00 1.253029761904761763e+01
4.896604681647936275e+00 1.236905952380952556e+01
4.922506673843720648e+00 1.220017063492063158e+01
4.948408666039503245e+00 1.203850793650793705e+01
4.974310658235282290e+00 1.188750396825396827e+01
5.000212650431063111e+00 1.174108333333333221e+01
5.026114642626845708e+00 1.160790873015873004e+01
5.052016634822626528e+00 1.146664285714285825e+01
5.077918627018407349e+00 1.133192460317459904e+01
5.103820619214190835e+00 1.119715873015873342e+01
5.129722611409974320e+00 1.105761904761904546e+01
5.155624603605753364e+00 1.093053968253968478e+01
5.181526595801539514e+00 1.080655555555555125e+01
5.207428587997323888e+00 1.067989682539682761e+01
5.233330580193097603e+00 1.054275396825396882e+01
5.259232572388883753e+00 1.042573015873015763e+01
5.285134564584666350e+00 1.030741666666666667e+01
5.311036556780447171e+00 1.018349603174603146e+01
5.336938548976226215e+00 1.007386904761904844e+01
5.362840541172008813e+00 9.962071428571423581e+00
5.388742533367792298e+00 9.842115079365083119e+00
5.414644525563572230e+00 9.731365079365081883e+00
5.440546517759353051e+00 9.623876984126987111e+00
5.466448509955137425e+00 9.518702380952380082e+00
5.492350502150917357e+00 9.413634920634919467e+00
5.518252494346700843e+00 9.319722222222225128e+00
5.544154486542485216e+00 9.220198412698410451e+00
5.570056478738266925e+00 9.121686507936509258e+00
5.595958470934045081e+00 9.027365079365077705e+00
5.621860463129829455e+00 8.931984126984129801e+00
5.647762455325612052e+00 8.837734126984123861e+00
5.673664447521394649e+00 8.748813492063490571e+00
5.699566439717173694e+00 8.662761904761907772e+00
5.725468431912954514e+00 8.577396825396823132e+00
5.751370424108735335e+00 8.475400793650791798e+00
5.777272416304520597e+00 8.391972222222221944e+00
5.803174408500304082e+00 8.313948412698412227e+00
5.829076400696085791e+00 8.225908730158728588e+00
5.854978392891863948e+00 8.141595238095238329e+00
5.880880385087644768e+00 8.062773809523811508e+00
5.906782377283431806e+00 7.992615079365078756e+00
5.932684369479210851e+00 7.918694444444444258e+00
5.958586361674997889e+00 7.842805555555553809e+00
5.984488353870775157e+00 7.767527777777779363e+00
6.010390346066554201e+00 7.685035714285712416e+00
6.036292338262340351e+00 7.610170634920635280e+00
6.062194330458126501e+00 7.540059523809523157e+00
6.088096322653900216e+00 7.471325396825397647e+00
6.113998314849682814e+00 7.398821428571428882e+00
6.139900307045467187e+00 7.331178571428571544e+00
6.165802299241248008e+00 7.264543650793651608e+00
6.191704291437030605e+00 7.201821428571427930e+00
6.217606283632809649e+00 7.130448412698412675e+00
6.243508275828595799e+00 7.063238095238095759e+00
6.269410268024372179e+00 6.998575396825396311e+00
6.295312260220155665e+00 6.937019841269840725e+00
6.321214252415943591e+00 6.871730158730159133e+00
6.347116244611719083e+00 6.806511904761904042e+00
6.373018236807501680e+00 6.749190476190475962e+00
6.398920229003289606e+00 6.687412698412698475e+00
6.424822221199072203e+00 6.625944444444444414e+00
6.450724213394846807e+00 6.570083333333333719e+00
6.476626205590632956e+00 6.514920634920635223e+00
6.502528197786413777e+00 6.459718253968251389e+00
6.528430189982191045e+00 6.406337301587301525e+00
6.554332182177972754e+00 6.346408730158730194e+00
6.580234174373758904e+00 6.287535714285716004e+00
6.606136166569541501e+00 6.229515873015874838e+00
6.632038158765318769e+00 6.175369047619046370e+00
6.657940150961106696e+00 6.123948412698410060e+00
6.683842143156889293e+00 6.073960317460316283e+00
6.709744135352666561e+00 6.019682539682539968e+00
6.735646127548445605e+00 5.969484126984127670e+00
6.761548119744233531e+00 5.919365079365078053e+00
6.787450111940010800e+00 5.868829365079365701e+00
6.813352104135791620e+00 5.820071428571429450e+00
6.839254096331575994e+00 5.767238095238095497e+00
6.865156088527355038e+00 5.719269841269840171e+00
6.891058080723137635e+00 5.680551587301588157e+00
6.916960072918918456e+00 5.636178571428570372e+00
6.942862065114702830e+00 5.590753968253967976e+00
6.968764057310483651e+00 5.543900793650793801e+00
6.994666049506265360e+00 5.499119047619046796e+00
7.020568041702048845e+00 5.451162698412699292e+00
7.046470033897829666e+00 5.404194444444443413e+00
7.072372026093610486e+00 5.363380952380952138e+00
7.098274018289396636e+00 5.314115079365079097e+00
7.124176010485174793e+00 5.272150793650792977e+00
7.150078002680956502e+00 5.229472222222222300e+00
7.175979994876742651e+00 5.188746031746032550e+00
7.201881987072518143e+00 5.145222222222221475e+00
7.227783979268297188e+00 5.100579365079363825e+00
7.253685971464083337e+00 5.061900793650792707e+00
7.279587963659865935e+00 5.025412698412697665e+00
7.305489955855646755e+00 4.980932539682540572e+00
7.331391948051429353e+00 4.946321428571428314e+00
7.357293940247211950e+00 4.909896825396824482e+00
7.383195932442996323e+00 4.867833333333331680e+00
7.409097924638775368e+00 4.836039682539682971e+00
7.434999916834559741e+00 4.803603174603175319e+00
7.460901909030342338e+00 4.765880952380951996e+00
7.486803901226119606e+00 4.732896825396824880e+00
7.512705893421900427e+00 4.693694444444446390e+00
7.538607885617691906e+00 4.655861111111111228e+00
7.564509877813467398e+00 4.622507936507935788e+00
7.590411870009249995e+00 4.591404761904762211e+00
7.616313862205032592e+00 4.559670634920635734e+00
7.642215854400810748e+00 4.522206349206349785e+00
7.668117846596596010e+00 4.489849206349207478e+00
7.694019838792378607e+00 4.454468253968255631e+00
7.719921830988155875e+00 4.424944444444443903e+00
7.745823823183939361e+00 4.392650793650794583e+00
7.771725815379717517e+00 4.358456349206347724e+00
7.797627807575500114e+00 4.326376984126984127e+00
7.823529799771288040e+00 4.295805555555555877e+00
7.849431791967063532e+00 4.265388888888889340e+00
7.875333784162847017e+00 4.237464285714285239e+00
7.901235776358634055e+00 4.209222222222222420e+00
7.927137768554413100e+00 4.179988095238096335e+00
7.953039760750197473e+00 4.148281746031747375e+00
7.978941752945976518e+00 4.124428571428571999e+00
8.004843745141755562e+00 4.093630952380951094e+00
8.030745737337541712e+00 4.069670634920633745e+00
8.056647729533322533e+00 4.037777777777777466e+00
8.082549721729101577e+00 4.010496031746031420e+00
8.108451713924884174e+00 3.981515873015873286e+00
8.134353706120670324e+00 3.954376984126984684e+00
8.160255698316447592e+00 3.924817460317460593e+00
8.186157690512235519e+00 3.899666666666665726e+00
8.212059682708019892e+00 3.870876984126984333e+00
8.237961674903800713e+00 3.842884920634920487e+00
8.263863667099579757e+00 3.814575396825396147e+00
8.289765659295358802e+00 3.787769841269842175e+00
8.315667651491141399e+00 3.757400793650793602e+00
8.341569643686922220e+00 3.730726190476190141e+00
8.367471635882701264e+00 3.705408730158729735e+00
8.393373628078487414e+00 3.677416666666665890e+00
8.419275620274270011e+00 3.655515873015873218e+00
8.445177612470047279e+00 3.629920634920634548e+00
8.471079604665828100e+00 3.605492063492062638e+00
8.496981596861616026e+00 3.583408730158730737e+00
8.522883589057395071e+00 3.559539682539682559e+00
8.548785581253177668e+00 3.534809523809523846e+00
8.574687573448958489e+00 3.514916666666667133e+00
8.600589565644742862e+00 3.487456349206349060e+00
8.626491557840520130e+00 3.464051587301587354e+00
8.652393550036306280e+00 3.441555555555556367e+00
8.678295542232087101e+00 3.418353174603174338e+00
8.704197534427866145e+00 3.395753968253969468e+00
8.730099526623643413e+00 3.371218253968253364e+00
8.756001518819431340e+00 3.348940476190476190e+00
8.781903511015213937e+00 3.323841269841270485e+00
8.807805503210996534e+00 3.305654761904761152e+00
8.833707495406777355e+00 3.283249999999999780e+00
8.859609487602558175e+00 3.263932539682540046e+00
8.885511479798338996e+00 3.244388888888889433e+00
8.911413471994119817e+00 3.221253968253968480e+00
8.937315464189905967e+00 3.201801587301586594e+00
8.963217456385688564e+00 3.183964285714284692e+00
8.989119448581462279e+00 3.162043650793650684e+00
9.015021440777250206e+00 3.144710317460317039e+00
9.040923432973031026e+00 3.124142857142856222e+00
9.066825425168818953e+00 3.105678571428570400e+00
9.092727417364597997e+00 3.087932539682539890e+00
9.118629409560377042e+00 3.071305555555555955e+00
9.144531401756156086e+00 3.050869047619046981e+00
9.170433393951942236e+00 3.029837301587301024e+00
9.196335386147723057e+00 3.008246031746033111e+00
9.222237378343507430e+00 2.988043650793651640e+00
9.248139370539290027e+00 2.968408730158730080e+00
9.274041362735069072e+00 2.947746031746031115e+00
9.299943354930846340e+00 2.928904761904762566e+00
9.325845347126634266e+00 2.909138888888889607e+00
9.351747339322413310e+00 2.889480158730158621e+00
9.377649331518199460e+00 2.871178571428571580e+00
9.403551323713976728e+00 2.849123015873016307e+00
9.429453315909757549e+00 2.832547619047618426e+00
9.455355308105538370e+00 2.815952380952380985e+00
9.481257300301322744e+00 2.799547619047619840e+00
9.507159292497100012e+00 2.777380952380952284e+00
9.533061284692891491e+00 2.759484126984126373e+00
9.558963276888668759e+00 2.740027777777777285e+00
9.584865269084442474e+00 2.723230158730158834e+00
9.610767261280233953e+00 2.704920634920633393e+00
9.636669253476011221e+00 2.688757936507935931e+00
9.662571245671797371e+00 2.670531746031747033e+00
9.688473237867579968e+00 2.654738095238095674e+00
9.714375230063360789e+00 2.636900793650794217e+00
9.740277222259141610e+00 2.619297619047619818e+00
9.766179214454927759e+00 2.604079365079365438e+00
9.792081206650703251e+00 2.589992063492063679e+00
9.817983198846489401e+00 2.576761904761904809e+00
9.843885191042271998e+00 2.557273809523809227e+00
9.869787183238047490e+00 2.538484126984127176e+00
9.895689175433837192e+00 2.522488095238095696e+00
9.921591167629621566e+00 2.505666666666666931e+00
9.947493159825397058e+00 2.489420634920635589e+00
9.973395152021186760e+00 2.475392857142857395e+00
9.999297144216956923e+00 2.463111111111111917e+00
1.002519913641273774e+01 2.449563492063492554e+00
1.005110112860852212e+01 2.436686507936507873e+00
1.007700312080430649e+01 2.418492063492062805e+00
1.010290511300008376e+01 2.405793650793650151e+00
1.012880710519587346e+01 2.389920634920633891e+00
1.015470909739164362e+01 2.375329365079365207e+00
1.018061108958743333e+01 2.362353174603174732e+00
1.020651308178321237e+01 2.347559523809524151e+00
1.023241507397899497e+01 2.333936507936508420e+00
1.025831706617477934e+01 2.321499999999999453e+00
1.028421905837056372e+01 2.305626984126984524e+00
1.031012105056633565e+01 2.288746031746032195e+00
1.033602304276212536e+01 2.276039682539682474e+00
1.036192503495790973e+01 2.260365079365080021e+00
1.038782702715369055e+01 2.249210317460317299e+00
1.041372901934947670e+01 2.235456349206349280e+00
1.043963101154525219e+01 2.221071428571429252e+00
1.046553300374102591e+01 2.206257936507936002e+00
1.049143499593682805e+01 2.191793650793650627e+00
1.051733698813259643e+01 2.180420634920634981e+00
1.054323898032838080e+01 2.167666666666667297e+00
1.056914097252416340e+01 2.154912698412698724e+00
1.059504296471993712e+01 2.142888888888888399e+00
1.062094495691572682e+01 2.130099206349206131e+00
1.064684694911151119e+01 2.117198412698412469e+00
1.067274894130728313e+01 2.104817460317460309e+00
1.069865093350307461e+01 2.091988095238094925e+00
1.072455292569884833e+01 2.079821428571428044e+00
1.075045491789462559e+01 2.068404761904761635e+00
1.077635691009041352e+01 2.054686507936508200e+00
1.080225890228619434e+01 2.042345238095238269e+00
1.082816089448197872e+01 2.028757936507936677e+00
1.085406288667775954e+01 2.017285714285714793e+00
1.087996487887353858e+01 2.005388888888888665e+00
1.090586687106931940e+01 1.991059523809524112e+00
1.093176886326510555e+01 1.976480158730158365e+00
1.095767085546088992e+01 1.966043650793650732e+00
1.098357284765666542e+01 1.953511904761904283e+00
1.100947483985245512e+01 1.940571428571428392e+00
1.103537683204822883e+01 1.932222222222221841e+00
1.106127882424401676e+01 1.921178571428571402e+00
1.108718081643980113e+01 1.909170634920635212e+00
1.111308280863557485e+01 1.900154761904761402e+00
1.113898480083136633e+01 1.888646825396825379e+00
1.116488679302714537e+01 1.877730158730158472e+00
1.119078878522292086e+01 1.863361111111111246e+00
1.121669077741871412e+01 1.852166666666666739e+00
1.124259276961448961e+01 1.841289682539682726e+00
1.126849476181027399e+01 1.833238095238095333e+00
1.129439675400605125e+01 1.821841269841269817e+00
1.132029874620183207e+01 1.811226190476190157e+00
1.134620073839762000e+01 1.798841269841269908e+00
1.137210273059340082e+01 1.790325396825396709e+00
1.139800472278917987e+01 1.779246031746031687e+00
1.142390671498496246e+01 1.768035714285714155e+00
1.144980870718073973e+01 1.757956349206349023e+00
1.147571069937652233e+01 1.747686507936507372e+00
1.150161269157229960e+01 1.737384920634920338e+00
1.152751468376808930e+01 1.723829365079364795e+00
1.155341667596387012e+01 1.714880952380952284e+00
1.157931866815964383e+01 1.703892857142857098e+00
1.160522066035543531e+01 1.694535714285714256e+00
1.163112265255121436e+01 1.683623015873015882e+00
1.165702464474700228e+01 1.675031746031745872e+00
1.168292663694277600e+01 1.666753968253967599e+00
1.170882862913855860e+01 1.659297619047618744e+00
1.173473062133434297e+01 1.651115079365078842e+00
1.176063261353012024e+01 1.640011904761904393e+00
1.178653460572590816e+01 1.630305555555555230e+00
1.181243659792169254e+01 1.619670634920634456e+00
1.183833859011747336e+01 1.610630952380951886e+00
1.186424058231325063e+01 1.601146825396825513e+00
1.189014257450903322e+01 1.590583333333333460e+00
1.191604456670482470e+01 1.580710317460317871e+00
1.194194655890059487e+01 1.573162698412698290e+00
1.196784855109638102e+01 1.564511904761904715e+00
1.199375054329216361e+01 1.558257936507936758e+00
1.201965253548793910e+01 1.549349206349206920e+00
1.204555452768371993e+01 1.540253968253968431e+00
1.207145651987950785e+01 1.530543650793650734e+00
1.209735851207528512e+01 1.521297619047619065e+00
1.212326050427108370e+01 1.513333333333333641e+00
1.214916249646685031e+01 1.505742063492063743e+00
1.217506448866263291e+01 1.498543650793651150e+00
1.220096648085842972e+01 1.490916666666666668e+00
1.222686847305419633e+01 1.482361111111111240e+00
1.225277046524998070e+01 1.474730158730159113e+00
1.227867245744576508e+01 1.466115079365079232e+00
1.230457444964153879e+01 1.457424603174602762e+00
1.233047644183732494e+01 1.448626984126983874e+00
1.235637843403311109e+01 1.438785714285713890e+00
1.238228042622889191e+01 1.429206349206348481e+00
1.240818241842466563e+01 1.417805555555555319e+00
1.243408441062045178e+01 1.411289682539682122e+00
1.245998640281622372e+01 1.404722222222221983e+00
1.248588839501202230e+01 1.396071428571428186e+00
1.251179038720780134e+01 1.389242063492063473e+00
1.253769237940357328e+01 1.381742063492063188e+00
1.256359437159936299e+01 1.374499999999999833e+00
1.258949636379514203e+01 1.366182539682539776e+00
1.261539835599091575e+01 1.361694444444444096e+00
1.264130034818671433e+01 1.356353174603174061e+00
1.266720234038248449e+01 1.347813492063491880e+00
1.269310433257827064e+01 1.338880952380951950e+00
1.271900632477406035e+01 1.331678571428571045e+00
1.274490831696983584e+01 1.323547619047618973e+00
1.277081030916562909e+01 1.314246031746031829e+00
1.279671230136140991e+01 1.303865079365079449e+00
1.282261429355717652e+01 1.297146825396825687e+00
1.284851628575297156e+01 1.291634920634920469e+00
1.287441827794874705e+01 1.282404761904761603e+00
1.290032027014452254e+01 1.273694444444444240e+00
1.292622226234031935e+01 1.267238095238095053e+00
1.295212425453609839e+01 1.261019841269841457e+00
1.297802624673186500e+01 1.254226190476190661e+00
1.300392823892765648e+01 1.246726190476190599e+00
1.302983023112342664e+01 1.239857142857142991e+00
1.305573222331921102e+01 1.230642857142857149e+00
1.308163421551499894e+01 1.222619047619047716e+00
1.310753620771077621e+01 1.216420634920635013e+00
1.313343819990656058e+01 1.208623015873016016e+00
1.315934019210234851e+01 1.200734126984127181e+00
1.318524218429811690e+01 1.195706349206349550e+00
1.321114417649391370e+01 1.187757936507936707e+00
1.323704616868969453e+01 1.180222222222222506e+00
1.326294816088546469e+01 1.174853174603174732e+00
1.328885015308125617e+01 1.169043650793651024e+00
1.331475214527704409e+01 1.161095238095238180e+00
1.334065413747282136e+01 1.152309523809524006e+00
1.336655612966860751e+01 1.146519841269841189e+00
1.339245812186438656e+01 1.139337301587301621e+00
1.341836011406016382e+01 1.130626984126984258e+00
1.344426210625594820e+01 1.125170634920634738e+00
1.347016409845172369e+01 1.119380952380951921e+00
1.349606609064751161e+01 1.110543650793650805e+00
1.352196808284329599e+01 1.102317460317460363e+00
1.354787007503907148e+01 1.095043650793650958e+00
1.357377206723485230e+01 1.089678571428571496e+00
1.359967405943064023e+01 1.084722222222222143e+00
1.362557605162641394e+01 1.078595238095237940e+00
1.365147804382220542e+01 1.072650793650793632e+00
1.367738003601797914e+01 1.067825396825396789e+00
1.370328202821375108e+01 1.061884920634920793e+00
1.372918402040954078e+01 1.055928571428571772e+00
1.375508601260532515e+01 1.050341269841269964e+00
1.378098800480110597e+01 1.044007936507936440e+00
1.380688999699689390e+01 1.038845238095237988e+00
1.383279198919266761e+01 1.032253968253967980e+00
1.385869398138845021e+01 1.028861111111111004e+00
1.388459597358423459e+01 1.023273809523809419e+00
1.391049796578002429e+01 1.016257936507936499e+00
1.393639995797579800e+01 1.009464285714285703e+00
1.396230195017158948e+01 1.003932539682539593e+00
1.398820394236735964e+01 9.998333333333332407e-01
1.401410593456314579e+01 9.953968253968253910e-01
1.404000792675892839e+01 9.906071428571427973e-01
1.406590991895470921e+01 9.836785714285714022e-01
1.409181191115048826e+01 9.782380952380952399e-01
1.411771390334627618e+01 9.736904761904763284e-01
1.414361589554205345e+01 9.678769841269841967e-01
1.416951788773783960e+01 9.626626984126984699e-01
1.419541987993362397e+01 9.574999999999999067e-01
1.422132187212940124e+01 9.517063492063491115e-01
1.424722386432518206e+01 9.449325396825395407e-01
1.427312585652096644e+01 9.394007936507935419e-01
1.429902784871674193e+01 9.347420634920632354e-01
1.432492984091252808e+01 9.308849206349204541e-01
1.435083183310831600e+01 9.251468253968253563e-01
1.437673382530408972e+01 9.203373015873014262e-01
1.440263581749987054e+01 9.141904761904759980e-01
1.442853780969565847e+01 9.098888888888888582e-01
1.445443980189142330e+01 9.045595238095236468e-01
1.448034179408722188e+01 8.992539682539681944e-01
1.450624378628300093e+01 8.938531746031745939e-01
1.453214577847878886e+01 8.900674603174603128e-01
1.455804777067456257e+01 8.853690476190476666e-01
1.458394976287033806e+01 8.803730158730160849e-01
1.460985175506612244e+01 8.770873015873017486e-01
1.463575374726191214e+01 8.708650793650795086e-01
1.466165573945768941e+01 8.664087301587302115e-01
1.468755773165347556e+01 8.611349206349205865e-01
1.471345972384925638e+01 8.585396825396824916e-01
1.473936171604503187e+01 8.544007936507937995e-01
1.476526370824082690e+01 8.504325396825396233e-01
1.479116570043661127e+01 8.458849206349207117e-01
1.481706769263238144e+01 8.420595238095238688e-01
1.484296968482816226e+01 8.377142857142857446e-01
1.486887167702395018e+01 8.334841269841268829e-01
1.489477366921972390e+01 8.306428571428570162e-01
1.492067566141551360e+01 8.265753968253968242e-01
1.494657765361130330e+01 8.216746031746031687e-01
1.497247964580706991e+01 8.183888888888888324e-01
1.499838163800285429e+01 8.134880952380951769e-01
1.502428363019863511e+01 8.090317460317459908e-01
1.505018562239442481e+01 8.050952380952380860e-01
1.507608761459021096e+01 7.998571428571428221e-01
1.510198960678598823e+01 7.950476190476192251e-01
1.512789159898176905e+01 7.922261904761904727e-01
1.515379359117755698e+01 7.870833333333333570e-01
1.517969558337333069e+01 7.834087301587302488e-01
1.520559757556911507e+01 7.803095238095237862e-01
1.523149956776489589e+01 7.747380952380953367e-01
1.525740155996067315e+01 7.704325396825396632e-01
1.528330355215645397e+01 7.664047619047616999e-01
1.530920554435223480e+01 7.609444444444442013e-01
1.533510753654801917e+01 7.568055555555555092e-01
1.536100952874380532e+01 7.530555555555555891e-01
1.538691152093958792e+01 7.485436507936507056e-01
1.541281351313535808e+01 7.442182539682540288e-01
1.543871550533114245e+01 7.401150793650793647e-01
1.546461749752692327e+01 7.356031746031745921e-01
1.549051948972270765e+01 7.309047619047619460e-01
1.551642148191849202e+01 7.258174603174603057e-01
1.554232347411426396e+01 7.219007936507937373e-01
1.556822546631005011e+01 7.175952380952380638e-01
1.559412745850583093e+01 7.121349206349205652e-01
1.562002945070161530e+01 7.095555555555556060e-01
1.564593144289740323e+01 7.064404761904761187e-01
1.567183343509318760e+01 7.025992063492063622e-01
1.569773542728895777e+01 6.984404761904763337e-01
1.572363741948475280e+01 6.935555555555557028e-01
1.574953941168052651e+01 6.907341269841271725e-01
1.577544140387630911e+01 6.860555555555554186e-01
1.580134339607209881e+01 6.805753968253969166e-01
1.582724538826787253e+01 6.779960317460318464e-01
1.585314738046365335e+01 6.754722222222222516e-01
1.587904937265944127e+01 6.710000000000000409e-01
1.590495136485522742e+01 6.661904761904761108e-01
1.593085335705099226e+01 6.632579365079364075e-01
1.595675534924678729e+01 6.580198412698412547e-01
1.598265734144256101e+01 6.545873015873013845e-01
1.600855933363834183e+01 6.514126984126984432e-01
1.603446132583412265e+01 6.470317460317460689e-01
1.606036331802991057e+01 6.440238095238095539e-01
1.608626531022569139e+01 6.402182539682539364e-01
1.611216730242146866e+01 6.381031746031746721e-01
1.613806929461724948e+01 6.326666666666667105e-01
1.616397128681303741e+01 6.273730158730157491e-01
1.618987327900882178e+01 6.240873015873014129e-01
1.621577527120459905e+01 6.203928571428569683e-01
1.624167726340039053e+01 6.184246031746030159e-01
1.626757925559617135e+01 6.140238095238095273e-01
1.629348124779194507e+01 6.114444444444442350e-01
1.631938323998772589e+01 6.089761904761903377e-01
1.634528523218351381e+01 6.059523809523807980e-01
1.637118722437929819e+01 6.020912698412698161e-01
1.639708921657508256e+01 5.979523809523809019e-01
1.642299120877086693e+01 5.934206349206347930e-01
1.644889320096663710e+01 5.910277777777777075e-01
1.647479519316243213e+01 5.896190476190475982e-01
1.650069718535820584e+01 5.862023809523809748e-01
1.652659917755398666e+01 5.825238095238095548e-01
1.655250116974976748e+01 5.790158730158730949e-01
1.657840316194554475e+01 5.745793650793652452e-01
1.660430515414133623e+01 5.709960317460318624e-01
1.663020714633711350e+01 5.680992063492065203e-01
1.665610913853289077e+01 5.644801587301588874e-01
1.668201113072867514e+01 5.624404761904762129e-01
1.670791312292445241e+01 5.608253968253968935e-01
1.673381511512023323e+01 5.562380952380953092e-01
1.675971710731602116e+01 5.533809523809525288e-01
1.678561909951181264e+01 5.519722222222221975e-01
1.681152109170758990e+01 5.482023809523808300e-01
1.683742308390337072e+01 5.446547619047619193e-01
1.686332507609914444e+01 5.432460317460318100e-01
1.688922706829492881e+01 5.401269841269841221e-01
1.691512906049072029e+01 5.384206349206348552e-01
1.694103105268649045e+01 5.361547619047618563e-01
1.696693304488226772e+01 5.327182539682538964e-01
1.699283503707806986e+01 5.311984126984127252e-01
1.701873702927384358e+01 5.268531746031746010e-01
1.704463902146962084e+01 5.246071428571429385e-01
1.707054101366540522e+01 5.214722222222222259e-01
1.709644300586118959e+01 5.182777777777777262e-01
1.712234499805696686e+01 5.164603174603175084e-01
1.714824699025275123e+01 5.143293650793649974e-01
1.717414898244852495e+01 5.117857142857141772e-01
1.720005097464431287e+01 5.093174603174602799e-01
1.722595296684009014e+01 5.074246031746031393e-01
1.725185495903587096e+01 5.039722222222221548e-01
1.727775695123165889e+01 5.020793650793650142e-01
1.730365894342744326e+01 5.000753968253968118e-01
1.732956093562321342e+01 4.978849206349205136e-01
1.735546292781900490e+01 4.948412698412699151e-01
1.738136492001478928e+01 4.926507936507937280e-01
1.740726691221055944e+01 4.912777777777778132e-01
1.743316890440634026e+01 4.883611111111111902e-01
1.745907089660211398e+01 4.852420634920635023e-01
1.748497288879791256e+01 4.816785714285714004e-01
1.751087488099368983e+01 4.777420634920634956e-01
1.753677687318946710e+01 4.752182539682540119e-01
1.756267886538525502e+01 4.730079365079364884e-01
1.758858085758103940e+01 4.694603174603173557e-01
1.761448284977682732e+01 4.666944444444444118e-01
1.764038484197260814e+01 4.638174603174601840e-01
1.766628683416838186e+01 4.614047619047617621e-01
1.769218882636416268e+01 4.598095238095236681e-01
1.771809081855994350e+01 4.571547619047617861e-01
1.774399281075572432e+01 4.551706349206348090e-01
1.776989480295151225e+01 4.518293650793649974e-01
1.779579679514730373e+01 4.485992063492062476e-01
1.782169878734307389e+01 4.471507936507935765e-01
1.784760077953885116e+01 4.443690476190474969e-01
1.787350277173464264e+01 4.427936507936507948e-01
1.789940476393042701e+01 4.393769841269841714e-01
1.792530675612621138e+01 4.372976190476191016e-01
1.795120874832199576e+01 4.349761904761905162e-01
1.797711074051775881e+01 4.331190476190476812e-01
1.800301273271354319e+01 4.302619047619048454e-01
1.802891472490933467e+01 4.278293650793651981e-01
1.805481671710511193e+01 4.256190476190477856e-01
1.808071870930089631e+01 4.234841269841271849e-01
1.810662070149668068e+01 4.224087301587303722e-01
1.813252269369246861e+01 4.201785714285716233e-01
1.815842468588823522e+01 4.183968253968255446e-01
1.818432667808402670e+01 4.170238095238096854e-01
1.821022867027981818e+01 4.152420634920636067e-01
1.823613066247558834e+01 4.133690476190476915e-01
1.826203265467136561e+01 4.106388888888889976e-01
1.828793464686714287e+01 4.067380952380952319e-01
1.831383663906293791e+01 4.039166666666667016e-01
1.833973863125871873e+01 4.006111111111112510e-01
1.836564062345449599e+01 3.985515873015873511e-01
1.839154261565027682e+01 3.960079365079366420e-01
1.841744460784606474e+01 3.930912698412699635e-01
1.844334660004184201e+01 3.908452380952381899e-01
1.846924859223762638e+01 3.898809523809524391e-01
1.849515058443341076e+01 3.877658730158731748e-01
1.852105257662918802e+01 3.851507936507936880e-01
1.854695456882496529e+01 3.825714285714285623e-01
1.857285656102073546e+01 3.808650793650794064e-01
1.859875855321651983e+01 3.783214285714286418e-01
1.862466054541231131e+01 3.768015873015873041e-01
1.865056253760809923e+01 3.757063492063491550e-01
1.867646452980388005e+01 3.742420634920634592e-01
1.870236652199965732e+01 3.729444444444444118e-01
1.872826851419543814e+01 3.713849206349206789e-01
1.875417050639122607e+01 3.685238095238095868e-01
1.878007249858701044e+01 3.662222222222222823e-01
1.880597449078278416e+01 3.645714285714286573e-01
1.883187648297857564e+01 3.621984126984127972e-01
1.885777847517434225e+01 3.606587301587302896e-01
1.888368046737011241e+01 3.587658730158730935e-01
1.890958245956591099e+01 3.562222222222223289e-01
1.893548445176169892e+01 3.544047619047620001e-01
1.896138644395747974e+01 3.532539682539683201e-01
1.898728843615326412e+01 3.521785714285714519e-01
1.901319042834903428e+01 3.502658730158730860e-01
1.903909242054481865e+01 3.481666666666667354e-01
1.906499441274061724e+01 3.457341269841270326e-01
1.909089640493639095e+01 3.437658730158730247e-01
1.911679839713216467e+01 3.423928571428571654e-01
1.914270038932794549e+01 3.402182539682540030e-01
1.916860238152371920e+01 3.368373015873016851e-01
1.919450437371950358e+01 3.347777777777778407e-01
1.922040636591529861e+01 3.331071428571429349e-01
1.924630835811108653e+01 3.313809523809524427e-01
1.927221035030685670e+01 3.304722222222222783e-01
1.929811234250264107e+01 3.287658730158730669e-01
1.932401433469842544e+01 3.265198412698412378e-01
1.934991632689420626e+01 3.255555555555555980e-01
1.937581831908999064e+01 3.241626984126984024e-01
1.940172031128576791e+01 3.220833333333333326e-01
1.942762230348155228e+01 3.209722222222222143e-01
1.945352429567731889e+01 3.200079365079365745e-01
1.947942628787311037e+01 3.179841269841270357e-01
1.950532828006890185e+01 3.158293650793650986e-01
1.953123027226468622e+01 3.145476190476190204e-01
1.955713226446047415e+01 3.126150793650793180e-01
1.958303425665623720e+01 3.114285714285714435e-01
1.960893624885202513e+01 3.097936507936507877e-01
1.963483824104780595e+01 3.090714285714285525e-01
1.966074023324359388e+01 3.074563492063491776e-01
1.968664222543937115e+01 3.066587301587301306e-01
1.971254421763514131e+01 3.040952380952380851e-01
1.973844620983092568e+01 3.016428571428571015e-01
1.976434820202671006e+01 2.996388888888888991e-01
1.979025019422250153e+01 2.980079365079364440e-01
1.981615218641827525e+01 2.966349206349205847e-01
1.984205417861407028e+01 2.943333333333333357e-01
1.986795617080985465e+01 2.926428571428570935e-01
1.989385816300561771e+01 2.917341269841269846e-01
1.991976015520140209e+01 2.905476190476189990e-01
1.994566214739720778e+01 2.891547619047619144e-01
1.997156413959297083e+01 2.878373015873015861e-01
1.999746613178874100e+01 2.864285714285713658e-01
2.002336812398452537e+01 2.849246031746031638e-01
2.004927011618030264e+01 2.839047619047618820e-01
2.007517210837609412e+01 2.812857142857142501e-01
2.010107410057187494e+01 2.794841269841269460e-01
2.012697609276767707e+01 2.786309523809523681e-01
2.015287808496344013e+01 2.771071428571428297e-01
2.017878007715922450e+01 2.750833333333333464e-01
2.020468206935499822e+01 2.735992063492063697e-01
2.023058406155077904e+01 2.730793650793650884e-01
2.025648605374657762e+01 2.720952380952381122e-01
2.028238804594235845e+01 2.711865079365079478e-01
2.030829003813812150e+01 2.686785714285714333e-01
2.033419203033390943e+01 2.672499999999999876e-01
2.036009402252970091e+01 2.659682539682539648e-01
2.038599601472547818e+01 2.643531746031746454e-01
2.041189800692125544e+01 2.630357142857143171e-01
2.043779999911704692e+01 2.621825396825396837e-01
2.046370199131282419e+01 2.612539682539682384e-01
2.048960398350860146e+01 2.582261904761904980e-01
2.051550597570438939e+01 2.575595238095237938e-01
2.054140796790017021e+01 2.564087301587301693e-01
2.056730996009595458e+01 2.552023809523809583e-01
2.059321195229172829e+01 2.534206349206349351e-01
2.061911394448750201e+01 2.523809523809523725e-01
2.064501593668328638e+01 2.516388888888889119e-01
2.067091792887907786e+01 2.503769841269841145e-01
2.069681992107487289e+01 2.490595238095237862e-01
2.072272191327064661e+01 2.479642857142856927e-01
2.074862390546641677e+01 2.464047619047618765e-01
2.077452589766220825e+01 2.441944444444444084e-01
2.080042788985799973e+01 2.430436507936507562e-01
2.082632988205377700e+01 2.406666666666666399e-01
2.085223187424955427e+01 2.395357142857142407e-01
2.087813386644533509e+01 2.382539682539682180e-01
2.090403585864112301e+01 2.376785714285713780e-01
2.092993785083687897e+01 2.358571428571428208e-01
2.095583984303267755e+01 2.353571428571428203e-01
2.098174183522847969e+01 2.342817460317460077e-01
2.100764382742423919e+01 2.327222222222222192e-01
2.103354581962002356e+01 2.301388888888888373e-01
2.105944781181582215e+01 2.288769841269840954e-01
2.108534980401158521e+01 2.274087301587301435e-01
2.111125179620736247e+01 2.257182539682539291e-01
2.113715378840315395e+01 2.247738095238094869e-01
2.116305578059894188e+01 2.236984126984126742e-01
2.118895777279470494e+01 2.230674603174603032e-01
2.121485976499048931e+01 2.222499999999999754e-01
2.124076175718627724e+01 2.206706349206348783e-01
2.126666374938206516e+01 2.194999999999999729e-01
2.129256574157785309e+01 2.180714285714285550e-01
2.131846773377363036e+01 2.170674603174603257e-01
2.134436972596939341e+01 2.161587301587301335e-01
2.137027171816519910e+01 2.144682539682539191e-01
2.139617371036098348e+01 2.136349206349205943e-01
2.142207570255675364e+01 2.130039682539682233e-01
2.144797769475253446e+01 2.120595238095237256e-01
2.147387968694832239e+01 2.100357142857141868e-01
2.149978167914408544e+01 2.094603174603173468e-01
2.152568367133986271e+01 2.079761904761903979e-01
2.155158566353566130e+01 2.073452380952380270e-01
2.157748765573144567e+01 2.062499999999999334e-01
2.160338964792721939e+01 2.050992063492062534e-01
2.162929164012299310e+01 2.038928571428570702e-01
2.165519363231878813e+01 2.034484126984126284e-01
2.168109562451457606e+01 2.027619047619046988e-01
2.170699761671035333e+01 2.011269841269840708e-01
2.173289960890612349e+01 1.997341269841269029e-01
2.175880160110190786e+01 1.990277777777776924e-01
2.178470359329768513e+01 1.979325396825395988e-01
2.181060558549347661e+01 1.959087301587300878e-01
2.183650757768926098e+01 1.941428571428570615e-01
2.186240956988503825e+01 1.934761904761904128e-01
2.188831156208082263e+01 1.915634920634920191e-01
2.191421355427661410e+01 1.911746031746031360e-01
2.194011554647239493e+01 1.900992063492062956e-01
2.196601753866815798e+01 1.890595238095237884e-01
2.199191953086395301e+01 1.875000000000000000e-01
2.201782152305973739e+01 1.857738095238095355e-01
2.204372351525550044e+01 1.847896825396825315e-01
2.206962550745128482e+01 1.845674603174602968e-01
2.209552749964707985e+01 1.830079365079364806e-01
2.212142949184286067e+01 1.818373015873015752e-01
2.214733148403863794e+01 1.808531746031745713e-01
2.217323347623443297e+01 1.803333333333333177e-01
2.219913546843022090e+01 1.795158730158730176e-01
2.222503746062597685e+01 1.780674603174602910e-01
2.225093945282178254e+01 1.778452380952380840e-01
2.227684144501755981e+01 1.772341269841269662e-01
2.230274343721332997e+01 1.757301587301587364e-01
2.232864542940912145e+01 1.751547619047619242e-01
2.235454742160489872e+01 1.741150793650793616e-01
2.238044941380066888e+01 1.730198412698412957e-01
2.240635140599646746e+01 1.727976190476190610e-01
2.243225339819225894e+01 1.714047619047619209e-01
2.245815539038802200e+01 1.702539682539682686e-01
2.248405738258381348e+01 1.690476190476190577e-01
2.250995937477960496e+01 1.680079365079365505e-01
2.253586136697538223e+01 1.663571428571428701e-01
2.256176335917115594e+01 1.644246031746032233e-01
2.258766535136693676e+01 1.633492063492063551e-01
2.261356734356272113e+01 1.622738095238095424e-01
2.263946933575849840e+01 1.611230158730158624e-01
2.266537132795427567e+01 1.591349206349206291e-01
2.269127332015007426e+01 1.584484126984126995e-01
2.271717531234585152e+01 1.577420634920634890e-01
2.274307730454163590e+01 1.571865079365079299e-01
2.276897929673742027e+01 1.559603174603174658e-01
2.279488128893319043e+01 1.551428571428571379e-01
2.282078328112897836e+01 1.530992063492063737e-01
2.284668527332475918e+01 1.518730158730158819e-01
2.287258726552053645e+01 1.504246031746031553e-01
2.289848925771632082e+01 1.492182539682539721e-01
2.292439124991208743e+01 1.480119047619047612e-01
2.295029324210788246e+01 1.460793650793650866e-01
2.297619523430365263e+01 1.446865079365079465e-01
2.300209722649943345e+01 1.439087301587301249e-01
2.302799921869522137e+01 1.432777777777777262e-01
2.305390121089100575e+01 1.421071428571428208e-01
2.307980320308677591e+01 1.411984126984126564e-01
2.310570519528257094e+01 1.401785714285713746e-01
2.313160718747835887e+01 1.400119047619046986e-01
2.315750917967411482e+01 1.383412698412697928e-01
2.318341117186989919e+01 1.371547619047618349e-01
2.320931316406570133e+01 1.360793650793650222e-01
2.323521515626147860e+01 1.353730158730158117e-01
2.326111714845725231e+01 1.347619047619047217e-01
2.328701914065305090e+01 1.335357142857142299e-01
2.331292113284883172e+01 1.320119047619047192e-01
2.333882312504459122e+01 1.313809523809523205e-01
2.336472511724038270e+01 1.309920634920634375e-01
2.339062710943618129e+01 1.298769841269840630e-01
2.341652910163194790e+01 1.289126984126983677e-01
2.344243109382773227e+01 1.275396825396825085e-01
2.346833308602350598e+01 1.268174603174603288e-01
2.349423507821928681e+01 1.262976190476190474e-01
2.352013707041506763e+01 1.250714285714285834e-01
2.354603906261088397e+01 1.244404761904762124e-01
2.357194105480664348e+01 1.228055555555555567e-01
2.359784304700242075e+01 1.216547619047619044e-01
2.362374503919821578e+01 1.204285714285714404e-01
2.364964703139398949e+01 1.193333333333333468e-01
2.367554902358977387e+01 1.177341269841270105e-01
2.370145101578555114e+01 1.175119047619047896e-01
2.372735300798133551e+01 1.166388888888889308e-01
2.375325500017711278e+01 1.160079365079365460e-01
2.377915699237289715e+01 1.154325396825397199e-01
2.380505898456867797e+01 1.139841269841270210e-01
2.383096097676448366e+01 1.132222222222222519e-01
2.385686296896025382e+01 1.128134920634920879e-01
2.388276496115602043e+01 1.117936507936508062e-01
2.390866695335180481e+01 1.106428571428571817e-01
2.393456894554759629e+01 1.097142857142857364e-01
2.396047093774338776e+01 1.093253968253968533e-01
2.398637292993915793e+01 1.091031746031746325e-01
2.401227492213493520e+01 1.079325396825397132e-01
2.403817691433071246e+01 1.062222222222222456e-01
2.406407890652649684e+01 1.056468253968254334e-01
2.408998089872227411e+01 1.051468253968254191e-01
2.411588289091806558e+01 1.039960317460317529e-01
2.414178488311385351e+01 1.030119047619047767e-01
2.416768687530963433e+01 1.020079365079365197e-01
2.419358886750540094e+01 1.014325396825396797e-01
2.421949085970119242e+01 1.008769841269841344e-01
2.424539285189699456e+01 9.994841269841270304e-02
2.427129484409277183e+01 9.850000000000001810e-02
2.429719683628852778e+01 9.798015873015875066e-02
2.432309882848432636e+01 9.723809523809526234e-02
2.434900082068009652e+01 9.627380952380955315e-02
2.437490281287587024e+01 9.510317460317463389e-02
2.440080480507168659e+01 9.439682539682542339e-02
2.442670679726747096e+01 9.384126984126986426e-02
2.445260878946322336e+01 9.291269841269844676e-02
2.447851078165900773e+01 9.285714285714288807e-02
2.450441277385478855e+01 9.192857142857147057e-02
2.453031476605055872e+01 9.146428571428576182e-02
2.455621675824635730e+01 9.020238095238096443e-02
2.458211875044213457e+01 8.962698412698413830e-02
2.460802074263790473e+01 8.905158730158732605e-02
2.463392273483368555e+01 8.749206349206350986e-02
2.465982472702948058e+01 8.637698412698413541e-02
2.468572671922527917e+01 8.609920634920635585e-02
2.471162871142104933e+01 8.492857142857143660e-02
2.473753070361682660e+01 8.437301587301587746e-02
2.476343269581261097e+01 8.379761904761903746e-02
2.478933468800838114e+01 8.281349206349207515e-02
2.481523668020416551e+01 8.205158730158731983e-02
2.484113867239994988e+01 8.095634920634922627e-02
2.486704066459573426e+01 8.008333333333333970e-02
2.489294265679150442e+01 7.909920634920634963e-02
2.491884464898728169e+01 7.863492063492064088e-02
2.494474664118307317e+01 7.765079365079363694e-02
2.497064863337887886e+01 7.713095238095238337e-02
2.499655062557464191e+01 7.625793650793649681e-02
2.502245261777043339e+01 7.586904761904761374e-02
2.504835460996621066e+01 7.575793650793649636e-02
2.507425660216198082e+01 7.488492063492062367e-02
2.510015859435776164e+01 7.466269841269840279e-02
2.512606058655355667e+01 7.416269841269838847e-02
2.515196257874933394e+01 7.353174603174600366e-02
2.517786457094511832e+01 7.306746031746030878e-02
2.520376656314089558e+01 7.230555555555553959e-02
2.522966855533666575e+01 7.202777777777777390e-02
2.525557054753248210e+01 7.067063492063491159e-02
2.528147253972826647e+01 6.992857142857139552e-02
2.530737453192403308e+01 6.935317460317458327e-02
2.533327652411980324e+01 6.896428571428568632e-02
2.535917851631559117e+01 6.890873015873012764e-02
2.538508050851136488e+01 6.811111111111109451e-02
2.541098250070715636e+01 6.751587301587300138e-02
2.543688449290295139e+01 6.614285714285711437e-02
2.546278648509874287e+01 6.564285714285711393e-02
2.548868847729449527e+01 6.517857142857139130e-02
2.551459046949027965e+01 6.478968253968250823e-02
2.554049246168608533e+01 6.434523809523806648e-02
2.556639445388185550e+01 6.393650793650790254e-02
2.559229644607764698e+01 6.365873015873012297e-02
2.561819843827341003e+01 6.308333333333329684e-02
2.564410043046918020e+01 6.263888888888885509e-02
2.567000242266496812e+01 6.217460317460313246e-02
2.569590441486077026e+01 6.165476190476186502e-02
2.572180640705653687e+01 6.132142857142852677e-02
2.574770839925231769e+01 6.098809523809518851e-02
2.577361039144810562e+01 5.989285714285710188e-02
2.579951238364387223e+01 5.972619047619043275e-02
2.582541437583967792e+01 5.861111111111107219e-02
2.585131636803546584e+01 5.838888888888885131e-02
2.587721836023124666e+01 5.781349206349202519e-02
2.590312035242702038e+01 5.653174603174598856e-02
2.592902234462277278e+01 5.532539682539679149e-02
2.595492433681856070e+01 5.486111111111108274e-02
2.598082632901434508e+01 5.409920634920631355e-02
2.600672832121014366e+01 5.387698412698409267e-02
2.603263031340591738e+01 5.313492063492060435e-02
2.605853230560168399e+01 5.185317460317456773e-02
2.608443429779747547e+01 5.157539682539679510e-02
2.611033628999325629e+01 5.053571428571425328e-02
2.613623828218905487e+01 4.942063492063488578e-02
2.616214027438483214e+01 4.862301587301583877e-02
2.618804226658061296e+01 4.780555555555551783e-02
2.621394425877638668e+01 4.758333333333329696e-02
2.623984625097216039e+01 4.646825396825393639e-02
2.626574824316794832e+01 4.451587301587299483e-02
2.629165023536373980e+01 4.399603174603171352e-02
2.631755222755953127e+01 4.301190476190473733e-02
2.634345421975529433e+01 4.243650793650791120e-02
2.636935621195106449e+01 4.197222222222219551e-02
2.639525820414687018e+01 4.186111111111108507e-02
2.642116019634266166e+01 4.117460317460315544e-02
2.644706218853842472e+01 4.043253968253966713e-02
2.647296418073421975e+01 3.998809523809522537e-02
2.649886617293000057e+01 3.917063492063491137e-02
2.652476816512576363e+01 3.848412698412696786e-02
2.655067015732156221e+01 3.815079365079364349e-02
2.657657214951733948e+01 3.751984126984125867e-02
2.660247414171312386e+01 3.713095238095237560e-02
2.662837613390891534e+01 3.601587301587300116e-02
2.665427812610467839e+01 3.573809523809522853e-02
2.668018011830046987e+01 3.521825396825395416e-02
2.670608211049625780e+01 3.458730158730156934e-02
2.673198410269204217e+01 3.347222222222220878e-02
2.675788609488780878e+01 3.271031746031744653e-02
2.678378808708360026e+01 3.243253968253967390e-02
2.680969007927937398e+01 3.169047619047617864e-02
2.683559207147515480e+01 3.081746031746030942e-02
2.686149406367093206e+01 3.040873015873015242e-02
2.688739605586673065e+01 2.912698412698411926e-02
2.691329804806250792e+01 2.860714285714284488e-02
2.693920004025827097e+01 2.784523809523808610e-02
2.696510203245406245e+01 2.726984126984126344e-02
2.699100402464985393e+01 2.639682539682539075e-02
2.701690601684563120e+01 2.576587301587300594e-02
2.704280800904141913e+01 2.554365079365078506e-02
2.706871000123719284e+01 2.502380952380951762e-02
2.709461199343297721e+01 2.415079365079363799e-02
2.712051398562876159e+01 2.381746031746030667e-02
2.714641597782453530e+01 2.359523809523808580e-02
2.717231797002031612e+01 2.331746031746030623e-02
2.719821996221611471e+01 2.272222222222221311e-02
2.722412195441188487e+01 2.179365079365078520e-02
2.725002394660766214e+01 2.116269841269840385e-02
2.727592593880346072e+01 2.064285714285713641e-02
2.730182793099924154e+01 2.001190476190475853e-02
2.732772992319502947e+01 1.990079365079364809e-02
2.735363191539078542e+01 1.956746031746031678e-02
2.737953390758658401e+01 1.921428571428571153e-02
2.740543589978233285e+01 1.739285714285714046e-02
2.743133789197813499e+01 1.728174603174603002e-02
2.745723988417390871e+01 1.722619047619047133e-02
2.748314187636970019e+01 1.648412698412698302e-02
2.750904386856547745e+01 1.566666666666666902e-02
2.753494586076126893e+01 1.544444444444444467e-02
2.756084785295703909e+01 1.522222222222222379e-02
2.758674984515283413e+01 1.475793650793650984e-02
2.761265183734861495e+01 1.459126984126984244e-02
2.763855382954439577e+01 1.431349206349206461e-02
2.766445582174016948e+01 1.303174603174603319e-02
2.769035781393595386e+01 1.232539682539682616e-02
2.771625980613173112e+01 1.150793650793650869e-02
2.774216179832752260e+01 1.134126984126984129e-02
2.776806379052329277e+01 1.111904761904761868e-02
2.779396578271907003e+01 1.011507936507936335e-02
2.781986777491487572e+01 9.837301587301585520e-03
2.784576976711066365e+01 9.206349206349204173e-03
2.787167175930642316e+01 9.150793650793648953e-03
2.789757375150220753e+01 8.984126984126983295e-03
2.792347574369800611e+01 8.650793650793651979e-03
2.794937773589377628e+01 8.075396825396825851e-03
2.797527972808954999e+01 7.202380952380954895e-03
2.800118172028534502e+01 6.273809523809525251e-03
2.802708371248111519e+01 5.567460317460319955e-03
2.805298570467689601e+01 5.123015873015874730e-03
2.807888769687268748e+01 4.714285714285715995e-03
2.810478968906846831e+01 4.492063492063493382e-03
2.813069168126424557e+01 3.916666666666667254e-03
2.815659367346003705e+01 3.527777777777777683e-03
2.818249566565581077e+01 3.361111111111110723e-03
2.820839765785159514e+01 3.305555555555555504e-03
2.823429965004738307e+01 2.301587301587301477e-03
2.826020164224316034e+01 2.023809523809523645e-03
2.828610363443893760e+01 1.503968253968254037e-03
2.831200562663471487e+01 7.063492063492062727e-04
